01D00H033-01D00H059:3,25,3,42
01D01H016-01D03H041:50,15,65,15
01D01H035-01D02H003:62,33,62,47
01D02H006-01D06H001:3,25,3,42
01D04H002-01D04H059:10,8,24,8
01D05H018-01D07H002:60,10,60,24
01D06H022-01D07H036:62,33,62,47
01D06H051-01D07H049:3,25,3,42
01D08H012-01D11H013:28,40,40,40
01D10H004-01D13H020:20,44,35,44
01D14H002-01D15H019:15,10,15,25,25,25
01D14H039-01D16H011:30,5,45,5
01D14H050-01D17H054:15,10,15,25,25,25
01D15H047-01D18H017:36,12,36,24,48,24
01D15H049-01D15H053:36,12,36,24,48,24
01D16H010-01D18H028:33,20,33,35
01D17H029-01D18H039:15,10,15,25,25,25
01D19H028-01D22H043:10,8,24,8
01D20H059-01D21H033:50,15,65,15
01D21H024-01D23H017:33,20,33,35
01D22H037-02D00H059:5,5,5,20
01D23H008-02D02H041:40,30,55,30,55,40
01D23H035-02D03H003:50,15,65,15
02D01H022-02D04H035:40,30,55,30,55,40
02D01H042-02D04H027:9,30,20,30
02D03H013-02D05H008:30,5,45,5
02D06H013-02D09H053:45,45,58,45
02D06H031-02D07H027:9,30,20,30
02D07H033-02D09H051:36,12,36,24,48,24
02D08H005-02D11H023:60,10,60,24
02D08H011-02D11H043:20,44,35,44
02D08H012-02D09H000:45,45,58,45
02D09H046-02D09H049:62,33,62,47
02D11H031-02D14H034:5,5,5,20
02D11H048-02D14H032:20,44,35,44
02D13H056-02D15H023:28,40,40,40
02D14H037-02D18H004:33,20,33,35
02D14H052-02D17H027:62,33,62,47
02D14H054-02D16H009:45,45,58,45
02D16H009-02D19H055:62,33,62,47
02D16H044-02D17H046:45,45,58,45
02D17H004-02D18H045:33,20,33,35
02D17H031-02D21H009:3,25,3,42
02D17H035-02D19H040:60,10,60,24
02D18H032-02D19H050:60,10,60,24
02D19H017-02D19H039:28,40,40,40
02D19H024-02D20H047:3,25,3,42
02D19H055-02D20H003:40,30,55,30,55,40
02D22H023-02D23H053:28,40,40,40
02D22H034-02D23H010:60,10,60,24
02D22H049-02D22H056:60,10,60,24
02D22H054-03D02H031:33,20,33,35
02D23H022-03D01H029:9,30,20,30
03D00H036-03D02H034:10,8,24,8
03D01H008-03D01H026:60,10,60,24
03D02H024-03D05H018:40,30,55,30,55,40
03D02H056-03D05H048:50,15,65,15
03D05H044-03D08H055:30,5,45,5
03D06H030-03D07H027:40,30,55,30,55,40
03D08H014-03D09H046:50,15,65,15
03D08H040-03D10H001:62,33,62,47
03D11H013-03D14H039:10,8,24,8
03D15H006-03D18H012:9,30,20,30
03D15H044-03D17H047:45,45,58,45
03D16H004-03D18H057:40,30,55,30,55,40
03D18H023-03D20H036:20,44,35,44
03D19H001-03D20H047:40,30,55,30,55,40
03D20H047-03D22H007:45,45,58,45
03D21H050-04D01H037:3,25,3,42
03D22H001-04D01H022:5,5,5,20
03D22H022-04D00H041:60,10,60,24
03D22H044-04D00H052:20,44,35,44
03D22H045-04D00H046:62,33,62,47
04D00H022-04D02H052:15,10,15,25,25,25
04D00H040-04D01H001:28,40,40,40
04D02H056-04D03H018:15,10,15,25,25,25
04D03H027-04D05H037:20,44,35,44
04D04H030-04D05H040:60,10,60,24
04D05H051-04D06H009:50,15,65,15
04D06H001-04D06H040:20,44,35,44
04D08H008-04D10H000:10,8,24,8
04D10H025-04D12H002:28,40,40,40
04D12H052-04D16H049:50,15,65,15
04D14H002-04D16H029:3,25,3,42
04D18H018-04D19H058:20,44,35,44
04D19H020-04D19H049:40,30,55,30,55,40
04D22H012-05D01H027:10,8,24,8
04D23H046-05D03H015:28,40,40,40
05D03H000-05D05H040:15,10,15,25,25,25
05D03H020-05D03H047:15,10,15,25,25,25
05D04H030-05D04H033:5,5,5,20
05D05H018-05D05H021:45,45,58,45
05D05H050-05D06H013:40,30,55,30,55,40
05D06H018-05D08H032:36,12,36,24,48,24
05D07H020-05D07H059:28,40,40,40
05D08H020-05D10H028:36,12,36,24,48,24
05D08H046-05D10H055:20,44,35,44
05D09H037-05D10H001:50,15,65,15
05D10H038-05D14H000:20,44,35,44
05D11H020-05D15H012:60,10,60,24
05D12H034-05D12H042:20,44,35,44
05D13H001-05D15H002:9,30,20,30
05D15H045-05D17H009:5,5,5,20
05D19H038-05D21H045:28,40,40,40
05D20H010-05D23H036:60,10,60,24
05D22H004-06D01H022:36,12,36,24,48,24
05D22H043-06D00H035:10,8,24,8
05D23H035-06D01H007:36,12,36,24,48,24
06D00H017-06D02H015:3,25,3,42
06D02H019-06D05H058:62,33,62,47
06D03H015-06D05H033:28,40,40,40
06D03H049-06D06H028:28,40,40,40
06D05H053-06D06H033:5,5,5,20
06D07H007-06D08H046:20,44,35,44
06D09H008-06D12H038:5,5,5,20
06D09H050-06D13H006:45,45,58,45
06D11H047-06D14H042:5,5,5,20
06D12H009-06D15H005:36,12,36,24,48,24
06D12H020-06D15H035:28,40,40,40
06D15H023-06D19H013:36,12,36,24,48,24
06D16H058-06D20H057:28,40,40,40
06D17H013-06D17H031:50,15,65,15
06D18H047-06D21H058:36,12,36,24,48,24
06D19H015-06D20H033:30,5,45,5
06D21H031-06D23H010:45,45,58,45
06D22H026-07D00H009:45,45,58,45
06D23H050-07D01H056:9,30,20,30
07D01H018-07D03H017:50,15,65,15
07D02H007-07D03H019:9,30,20,30
07D03H000-07D03H013:60,10,60,24
07D04H049-07D08H021:5,5,5,20
07D06H011-07D06H056:62,33,62,47
07D07H008-07D10H019:30,5,45,5
07D07H039-07D09H052:5,5,5,20
07D08H020-07D11H042:10,8,24,8
07D08H022-07D08H047:10,8,24,8
07D08H059-07D11H056:9,30,20,30
07D09H040-07D12H003:40,30,55,30,55,40
07D11H040-07D14H041:10,8,24,8
07D12H007-07D14H033:9,30,20,30
07D13H040-07D15H040:5,5,5,20
07D13H057-07D14H002:9,30,20,30
07D14H004-07D16H046:15,10,15,25,25,25
07D14H056-07D16H007:62,33,62,47
07D15H015-07D15H027:5,5,5,20
07D15H022-07D18H000:50,15,65,15
07D15H033-07D18H023:28,40,40,40
07D17H045-07D18H008:20,44,35,44
07D18H034-07D20H020:40,30,55,30,55,40
07D20H014-07D22H059:40,30,55,30,55,40
07D21H007-08D00H007:60,10,60,24
08D00H052-08D03H026:5,5,5,20
08D04H013-08D07H007:5,5,5,20
08D06H004-08D06H040:33,20,33,35
08D06H018-08D07H059:45,45,58,45
08D07H028-08D11H027:9,30,20,30
08D08H034-08D09H021:36,12,36,24,48,24
08D10H011-08D11H036:45,45,58,45
08D14H036-08D15H007:30,5,45,5
08D17H037-08D19H033:10,8,24,8
08D18H059-08D22H052:15,10,15,25,25,25
08D20H018-08D22H021:15,10,15,25,25,25
08D20H043-09D00H018:15,10,15,25,25,25
08D22H031-09D01H015:60,10,60,24
08D23H022-09D03H009:60,10,60,24
08D23H037-09D00H033:20,44,35,44
09D01H055-09D03H035:9,30,20,30
09D02H018-09D03H049:20,44,35,44
09D03H039-09D06H040:10,8,24,8
09D03H049-09D05H002:15,10,15,25,25,25
09D07H009-09D10H055:36,12,36,24,48,24
09D07H024-09D09H046:28,40,40,40
09D10H009-09D12H041:10,8,24,8
09D11H054-09D12H038:62,33,62,47
09D13H042-09D15H059:36,12,36,24,48,24
09D13H050-09D16H025:3,25,3,42
09D14H028-09D14H054:3,25,3,42
09D16H018-09D17H030:60,10,60,24
09D17H022-09D20H038:28,40,40,40
09D18H017-09D22H015:15,10,15,25,25,25
09D19H028-09D20H021:20,44,35,44
09D22H058-09D23H024:9,30,20,30
10D00H013-10D03H011:10,8,24,8
10D00H040-10D00H054:9,30,20,30
10D00H050-10D04H027:33,20,33,35
10D01H023-10D02H026:33,20,33,35
10D02H031-10D03H028:9,30,20,30
10D04H005-10D05H037:9,30,20,30
10D04H020-10D05H046:60,10,60,24
10D05H005-10D08H043:30,5,45,5
10D05H018-10D06H004:9,30,20,30
10D06H013-10D09H009:3,25,3,42
10D06H039-10D07H032:36,12,36,24,48,24
10D07H042-10D11H004:28,40,40,40
10D08H024-10D11H017:20,44,35,44
10D10H008-10D10H035:15,10,15,25,25,25
10D10H039-10D12H037:50,15,65,15
10D11H011-10D14H048:15,10,15,25,25,25
10D13H022-10D15H046:30,5,45,5
10D14H040-10D17H047:9,30,20,30
10D15H010-10D15H028:20,44,35,44
10D16H010-10D16H049:5,5,5,20
10D18H056-10D19H024:15,10,15,25,25,25
10D19H034-10D22H053:36,12,36,24,48,24
10D21H021-11D00H007:28,40,40,40
10D21H039-11D01H036:62,33,62,47
10D23H001-11D00H014:45,45,58,45
11D02H012-11D02H017:9,30,20,30
11D04H034-11D07H033:28,40,40,40
11D05H033-11D09H017:20,44,35,44
11D06H051-11D08H017:28,40,40,40
11D07H019-11D08H028:45,45,58,45
11D08H005-11D08H021:36,12,36,24,48,24
11D08H051-11D12H044:28,40,40,40
11D09H042-11D10H042:60,10,60,24
11D11H054-11D13H057:10,8,24,8
11D11H054-11D15H054:15,10,15,25,25,25
11D13H011-11D13H013:50,15,65,15
11D13H015-11D15H016:20,44,35,44
11D13H048-11D16H013:45,45,58,45
11D14H042-11D15H011:20,44,35,44
11D15H053-11D17H059:20,44,35,44
11D16H057-11D19H021:33,20,33,35
11D18H035-11D19H056:33,20,33,35
11D20H044-11D21H039:20,44,35,44
11D21H003-11D22H024:9,30,20,30
11D23H051-12D00H006:50,15,65,15
12D02H003-12D02H041:9,30,20,30
12D02H042-12D03H003:50,15,65,15
12D07H037-12D09H023:60,10,60,24
12D07H037-12D11H024:28,40,40,40
12D10H046-12D11H053:9,30,20,30
12D13H003-12D14H026:20,44,35,44
12D13H018-12D13H039:15,10,15,25,25,25
12D17H045-12D17H049:60,10,60,24
12D20H044-12D21H008:45,45,58,45
12D21H030-12D22H035:40,30,55,30,55,40
12D22H000-12D22H027:33,20,33,35
13D02H037-13D04H029:62,33,62,47
13D02H052-13D06H049:36,12,36,24,48,24
13D02H056-13D06H013:33,20,33,35
13D03H010-13D05H012:9,30,20,30
13D03H042-13D03H047:30,5,45,5
13D03H042-13D07H037:36,12,36,24,48,24
13D06H000-13D08H057:5,5,5,20
13D06H002-13D06H028:5,5,5,20
13D06H033-13D09H058:9,30,20,30
13D06H037-13D09H011:9,30,20,30
13D09H004-13D10H053:5,5,5,20
13D09H027-13D11H047:20,44,35,44
13D10H029-13D14H012:60,10,60,24
13D11H028-13D14H033:3,25,3,42
13D16H055-13D19H046:20,44,35,44
13D17H030-13D21H018:5,5,5,20
13D17H049-13D20H009:9,30,20,30
13D19H017-13D22H012:3,25,3,42
13D20H002-13D23H041:3,25,3,42
13D20H024-13D22H000:5,5,5,20
13D22H015-14D00H009:40,30,55,30,55,40
13D23H013-14D01H040:15,10,15,25,25,25
13D23H053-14D01H020:5,5,5,20
14D00H002-14D01H016:40,30,55,30,55,40
14D01H016-14D02H025:62,33,62,47
14D01H054-14D03H009:33,20,33,35
14D02H009-14D02H058:9,30,20,30
14D02H055-14D05H018:10,8,24,8
14D05H040-14D05H044:20,44,35,44
14D06H019-14D08H054:9,30,20,30
14D06H044-14D07H047:10,8,24,8
14D07H027-14D07H058:10,8,24,8
14D07H044-14D07H048:33,20,33,35
14D10H047-14D14H031:50,15,65,15
14D11H041-14D12H047:5,5,5,20
14D12H039-14D16H009:36,12,36,24,48,24
14D13H049-14D15H013:62,33,62,47
14D15H024-14D17H017:10,8,24,8
14D18H058-14D22H022:60,10,60,24
14D19H031-14D22H008:62,33,62,47
14D22H016-14D23H014:5,5,5,20
15D01H005-15D02H040:30,5,45,5
15D06H017-15D06H026:40,30,55,30,55,40
15D06H058-15D07H022:40,30,55,30,55,40
15D09H004-15D10H058:33,20,33,35
15D10H005-15D12H053:45,45,58,45
15D12H026-15D14H038:30,5,45,5
15D13H040-15D17H008:33,20,33,35
15D14H042-15D15H009:9,30,20,30
15D14H045-15D16H047:3,25,3,42
15D16H054-15D17H040:10,8,24,8
15D18H003-15D20H050:40,30,55,30,55,40
15D19H002-15D21H011:33,20,33,35
16D00H026-16D03H033:10,8,24,8
16D03H034-16D05H035:20,44,35,44
16D05H022-16D06H057:45,45,58,45
16D05H036-16D09H021:10,8,24,8
16D05H049-16D06H033:20,44,35,44
16D09H008-16D12H020:40,30,55,30,55,40
16D09H032-16D12H003:10,8,24,8
16D11H034-16D13H010:62,33,62,47
16D11H035-16D13H006:33,20,33,35
16D12H051-16D13H059:3,25,3,42
16D14H000-16D17H050:50,15,65,15
16D15H038-16D18H029:36,12,36,24,48,24
16D16H020-16D17H041:60,10,60,24
16D16H055-16D20H010:50,15,65,15
16D19H011-16D21H014:33,20,33,35
16D21H052-17D00H026:40,30,55,30,55,40
16D22H012-17D02H009:60,10,60,24
16D22H031-17D00H029:45,45,58,45
17D00H006-17D03H043:50,15,65,15
17D00H052-17D00H055:33,20,33,35
17D01H001-17D01H053:45,45,58,45
17D01H040-17D03H019:30,5,45,5
17D03H038-17D07H019:40,30,55,30,55,40
17D04H002-17D06H041:50,15,65,15
17D04H048-17D04H053:5,5,5,20
17D05H015-17D06H001:36,12,36,24,48,24
17D05H025-17D08H027:45,45,58,45
17D06H016-17D08H026:15,10,15,25,25,25
17D06H037-17D09H053:9,30,20,30
17D09H018-17D10H008:36,12,36,24,48,24
17D10H028-17D12H020:62,33,62,47
17D12H012-17D14H004:3,25,3,42
17D12H035-17D13H004:10,8,24,8
17D12H045-17D15H016:60,10,60,24
17D13H001-17D13H007:10,8,24,8
17D14H044-17D17H017:10,8,24,8
17D15H000-17D15H047:36,12,36,24,48,24
17D21H032-17D23H043:15,10,15,25,25,25
17D21H046-18D00H051:62,33,62,47
17D23H045-18D01H003:45,45,58,45
18D01H036-18D03H020:28,40,40,40
18D01H038-18D05H020:20,44,35,44
18D05H013-18D06H004:33,20,33,35
18D05H041-18D07H040:20,44,35,44
18D06H032-18D07H058:30,5,45,5
18D07H020-18D07H045:20,44,35,44
18D07H056-18D09H057:33,20,33,35
18D07H058-18D11H048:60,10,60,24
18D08H050-18D12H045:9,30,20,30
18D11H047-18D15H020:20,44,35,44
18D16H017-18D17H027:9,30,20,30
18D16H042-18D18H045:60,10,60,24
18D17H005-18D19H050:50,15,65,15
18D22H025-18D23H006:15,10,15,25,25,25
18D23H018-18D23H022:5,5,5,20
18D23H020-18D23H050:40,30,55,30,55,40
19D02H021-19D06H016:33,20,33,35
19D02H058-19D03H052:45,45,58,45
19D03H013-19D05H027:40,30,55,30,55,40
19D06H014-19D09H051:33,20,33,35
19D06H054-19D09H054:62,33,62,47
19D08H006-19D10H042:50,15,65,15
19D08H052-19D11H001:5,5,5,20
19D09H026-19D09H052:30,5,45,5
19D10H023-19D14H005:9,30,20,30
19D10H041-19D14H004:10,8,24,8
19D11H002-19D13H041:28,40,40,40
19D13H058-19D17H034:30,5,45,5
19D14H027-19D14H054:10,8,24,8
19D17H030-19D18H010:28,40,40,40
19D20H006-19D22H053:9,30,20,30
19D21H055-19D22H030:5,5,5,20
19D22H033-20D01H052:5,5,5,20
20D00H031-20D00H055:5,5,5,20
20D00H039-20D03H026:45,45,58,45
20D01H039-20D04H042:30,5,45,5
20D03H016-20D06H008:30,5,45,5
20D03H035-20D06H004:45,45,58,45
20D04H003-20D07H055:10,8,24,8
20D04H006-20D07H052:9,30,20,30
20D04H049-20D08H047:40,30,55,30,55,40
20D06H044-20D09H052:50,15,65,15
20D07H016-20D08H046:3,25,3,42
20D08H044-20D08H048:15,10,15,25,25,25
20D09H031-20D09H032:5,5,5,20
20D09H041-20D11H043:3,25,3,42
20D13H058-20D16H053:60,10,60,24
20D14H022-20D16H025:40,30,55,30,55,40
20D14H058-20D16H001:9,30,20,30
20D16H029-20D17H012:20,44,35,44
20D16H049-20D18H010:5,5,5,20
20D17H016-20D20H030:30,5,45,5
20D17H053-20D20H003:10,8,24,8
20D17H059-20D18H022:40,30,55,30,55,40
20D19H037-20D21H007:60,10,60,24
20D21H009-20D21H026:50,15,65,15
20D21H020-20D23H050:36,12,36,24,48,24
20D21H021-21D00H001:5,5,5,20
20D23H016-21D01H023:40,30,55,30,55,40
20D23H018-21D00H036:40,30,55,30,55,40
21D01H021-21D02H042:15,10,15,25,25,25
21D01H059-21D03H024:28,40,40,40
21D02H020-21D05H015:28,40,40,40
21D03H000-21D04H023:40,30,55,30,55,40
21D04H012-21D04H027:45,45,58,45
21D05H039-21D06H048:30,5,45,5
21D07H001-21D08H034:33,20,33,35
21D08H008-21D10H030:5,5,5,20
21D08H055-21D09H023:3,25,3,42
21D09H023-21D12H025:9,30,20,30
21D09H044-21D11H059:33,20,33,35
21D09H047-21D11H040:50,15,65,15
21D11H010-21D14H047:60,10,60,24
21D13H037-21D14H043:10,8,24,8
21D15H034-21D17H054:20,44,35,44
21D17H006-21D19H025:30,5,45,5
21D17H023-21D21H015:62,33,62,47
21D17H031-21D21H003:60,10,60,24
21D18H017-21D21H005:40,30,55,30,55,40
21D21H026-21D22H000:20,44,35,44
22D02H003-22D03H040:33,20,33,35
22D04H006-22D05H046:60,10,60,24
22D07H058-22D08H043:60,10,60,24
22D10H056-22D13H004:20,44,35,44
22D13H034-22D14H042:15,10,15,25,25,25
22D13H057-22D14H046:10,8,24,8
22D14H029-22D15H006:36,12,36,24,48,24
22D16H032-22D17H049:45,45,58,45
22D18H023-22D21H028:45,45,58,45
22D21H037-23D00H052:60,10,60,24
22D21H048-22D22H029:30,5,45,5
22D23H001-23D01H051:40,30,55,30,55,40
23D00H059-23D04H018:9,30,20,30
23D02H000-23D03H039:10,8,24,8
23D02H021-23D05H044:36,12,36,24,48,24
23D02H050-23D04H042:36,12,36,24,48,24
23D03H001-23D05H001:3,25,3,42
23D04H012-23D04H042:45,45,58,45
23D06H028-23D08H040:10,8,24,8
23D07H001-23D08H002:15,10,15,25,25,25
23D09H009-23D11H017:40,30,55,30,55,40
23D10H029-23D13H042:28,40,40,40
23D10H037-23D13H034:28,40,40,40
23D10H046-23D13H057:40,30,55,30,55,40
23D11H047-23D12H042:9,30,20,30
23D14H030-23D15H002:20,44,35,44
23D14H048-23D18H039:20,44,35,44
23D15H036-23D18H041:5,5,5,20
23D16H012-23D17H014:33,20,33,35
23D17H024-23D17H039:60,10,60,24
23D18H012-23D22H005:50,15,65,15
23D19H013-23D20H016:36,12,36,24,48,24
23D19H043-23D20H023:45,45,58,45
23D20H007-23D22H018:3,25,3,42
23D20H048-24D00H011:33,20,33,35
23D21H005-23D21H026:30,5,45,5
23D22H056-24D02H050:9,30,20,30
23D23H051-24D01H024:3,25,3,42
24D01H000-24D01H052:30,5,45,5
24D02H056-24D05H046:33,20,33,35
24D08H044-24D11H020:28,40,40,40
24D09H042-24D09H043:28,40,40,40
24D10H008-24D12H050:20,44,35,44
24D10H039-24D11H045:10,8,24,8
24D11H022-24D11H045:45,45,58,45
24D14H021-24D16H004:30,5,45,5
24D14H040-24D17H008:20,44,35,44
24D16H000-24D19H040:45,45,58,45
24D16H013-24D18H057:28,40,40,40
24D16H038-24D16H048:10,8,24,8
24D18H047-24D19H020:45,45,58,45
24D20H005-24D23H044:40,30,55,30,55,40
24D22H001-24D23H044:28,40,40,40
25D00H032-25D00H043:9,30,20,30
25D01H006-25D03H005:40,30,55,30,55,40
25D02H010-25D04H026:40,30,55,30,55,40
25D03H005-25D04H024:40,30,55,30,55,40
25D04H052-25D07H026:28,40,40,40
25D04H054-25D05H000:40,30,55,30,55,40
25D05H012-25D05H039:10,8,24,8
25D05H032-25D08H000:40,30,55,30,55,40
25D06H031-25D09H013:20,44,35,44
25D07H013-25D10H057:28,40,40,40
25D07H052-25D10H024:33,20,33,35
25D08H008-25D10H017:45,45,58,45
25D10H019-25D11H020:36,12,36,24,48,24
25D11H001-25D12H049:9,30,20,30
25D11H002-25D11H036:60,10,60,24
25D12H019-25D15H016:10,8,24,8
25D12H041-25D13H050:40,30,55,30,55,40
25D16H008-25D16H020:62,33,62,47
25D16H032-25D18H014:15,10,15,25,25,25
25D16H042-25D20H040:36,12,36,24,48,24
25D17H047-25D19H008:62,33,62,47
25D18H039-25D20H056:45,45,58,45
25D19H005-25D21H014:3,25,3,42
25D19H036-25D19H039:5,5,5,20
25D20H027-25D23H034:60,10,60,24
25D21H021-25D21H053:15,10,15,25,25,25
25D21H025-25D22H030:62,33,62,47
25D21H037-26D01H037:28,40,40,40
25D22H014-25D23H031:60,10,60,24
25D22H017-26D01H047:20,44,35,44
25D23H013-26D03H008:36,12,36,24,48,24
25D23H047-26D03H018:28,40,40,40
26D00H014-26D03H008:36,12,36,24,48,24
26D01H044-26D05H004:40,30,55,30,55,40
26D02H050-26D02H059:62,33,62,47
26D03H049-26D06H017:40,30,55,30,55,40
26D03H052-26D04H046:60,10,60,24
26D04H040-26D07H028:15,10,15,25,25,25
26D05H010-26D07H001:60,10,60,24
26D06H010-26D06H030:30,5,45,5
26D07H039-26D08H025:3,25,3,42
26D07H051-26D11H032:33,20,33,35
26D08H029-26D09H010:9,30,20,30
26D09H006-26D12H017:20,44,35,44
26D09H023-26D11H050:5,5,5,20
26D09H042-26D12H002:9,30,20,30
26D10H026-26D11H010:15,10,15,25,25,25
26D10H038-26D12H004:50,15,65,15
26D13H026-26D16H043:45,45,58,45
26D16H029-26D18H026:28,40,40,40
26D20H006-26D21H050:9,30,20,30
26D20H028-27D00H024:40,30,55,30,55,40
26D20H039-26D21H008:10,8,24,8
26D20H057-27D00H031:10,8,24,8
27D00H018-27D02H043:3,25,3,42
27D00H051-27D04H015:10,8,24,8
27D02H008-27D03H054:36,12,36,24,48,24
27D05H032-27D05H053:9,30,20,30
27D07H058-27D08H014:5,5,5,20
27D08H040-27D10H015:40,30,55,30,55,40
27D10H001-27D10H015:45,45,58,45
27D10H001-27D13H024:15,10,15,25,25,25
27D10H003-27D12H057:45,45,58,45
27D10H053-27D11H013:15,10,15,25,25,25
27D11H032-27D15H020:5,5,5,20
27D11H035-27D11H044:28,40,40,40
27D12H007-27D13H008:40,30,55,30,55,40
27D14H038-27D16H024:40,30,55,30,55,40
27D16H025-27D16H049:10,8,24,8
27D17H004-27D18H034:28,40,40,40
27D23H020-28D00H008:5,5,5,20
27D23H035-28D01H021:36,12,36,24,48,24
28D00H001-28D02H010:15,10,15,25,25,25
28D01H017-28D02H007:30,5,45,5
28D02H001-28D04H017:5,5,5,20
28D02H033-28D04H006:62,33,62,47
28D03H001-28D07H000:15,10,15,25,25,25
28D03H047-28D04H004:36,12,36,24,48,24
28D07H045-28D08H030:40,30,55,30,55,40
28D08H037-28D12H021:28,40,40,40
28D10H047-28D14H045:33,20,33,35
28D10H049-28D13H040:3,25,3,42
28D11H030-28D14H049:40,30,55,30,55,40
28D15H038-28D18H044:60,10,60,24
28D16H011-28D17H007:30,5,45,5
28D16H034-28D17H009:10,8,24,8
28D17H005-28D19H043:20,44,35,44
28D23H012-29D00H012:10,8,24,8
28D23H056-29D00H055:60,10,60,24
29D00H006-29D00H014:10,8,24,8
29D02H002-29D05H049:45,45,58,45
29D05H006-29D07H013:30,5,45,5
29D05H016-29D08H039:28,40,40,40
29D06H029-29D08H019:36,12,36,24,48,24
29D08H011-29D09H009:30,5,45,5
29D09H030-29D10H043:60,10,60,24
29D10H049-29D14H010:60,10,60,24
29D13H030-29D15H012:36,12,36,24,48,24
29D16H044-29D19H053:10,8,24,8
29D16H047-29D18H045:60,10,60,24
29D17H011-29D19H058:9,30,20,30
29D17H046-29D21H044:9,30,20,30
29D18H021-29D21H055:3,25,3,42
29D19H056-29D23H014:9,30,20,30
29D20H050-29D20H053:3,25,3,42
29D21H021-29D23H020:15,10,15,25,25,25
29D21H046-30D00H054:9,30,20,30
29D23H014-30D02H014:60,10,60,24
29D23H029-29D23H049:10,8,24,8
30D01H005-30D03H015:62,33,62,47
30D01H031-30D01H056:15,10,15,25,25,25
30D02H019-30D04H047:62,33,62,47
30D02H055-30D03H015:36,12,36,24,48,24
30D03H025-30D06H047:33,20,33,35
30D04H056-30D07H042:45,45,58,45
30D06H004-30D08H005:62,33,62,47
30D06H011-30D08H051:30,5,45,5
30D06H012-30D08H014:3,25,3,42
30D08H052-30D09H029:50,15,65,15
30D09H017-30D13H006:28,40,40,40
30D11H034-30D14H045:20,44,35,44
30D11H050-30D12H059:30,5,45,5
30D14H039-30D17H046:62,33,62,47
30D14H044-30D16H016:33,20,33,35
30D14H052-30D16H058:50,15,65,15
30D15H001-30D15H055:10,8,24,8
30D15H041-30D17H003:10,8,24,8
30D17H007-30D18H054:5,5,5,20
30D17H041-30D19H028:40,30,55,30,55,40
30D19H016-30D20H037:28,40,40,40
30D21H041-31D00H026:3,25,3,42
31D00H030-31D00H051:9,30,20,30
31D01H020-31D02H020:28,40,40,40
31D03H006-31D05H051:3,25,3,42
31D08H017-31D12H011:40,30,55,30,55,40
31D08H028-31D10H032:36,12,36,24,48,24
31D08H030-31D08H045:10,8,24,8
31D09H043-31D12H017:3,25,3,42
31D10H031-31D13H058:5,5,5,20
31D10H040-31D10H051:30,5,45,5
31D10H041-31D12H008:28,40,40,40
31D13H013-31D15H020:50,15,65,15
31D14H005-31D16H016:33,20,33,35
31D14H028-31D17H010:15,10,15,25,25,25
31D15H008-31D16H031:45,45,58,45
31D15H028-31D19H008:40,30,55,30,55,40
31D16H048-31D16H053:60,10,60,24
31D20H004-31D20H035:36,12,36,24,48,24
31D21H004-31D22H012:20,44,35,44
31D23H059-31D23H059:36,12,36,24,48,24
