01D03H032-01D06H044:10,8,24,8
01D04H000-01D05H043:33,20,33,35
01D04H037-01D05H056:5,5,5,20
01D04H037-01D07H031:36,12,36,24,48,24
01D06H044-01D10H032:60,10,60,24
01D07H023-01D08H012:5,5,5,20
01D07H028-01D11H017:30,5,45,5
01D07H036-01D08H016:45,45,58,45
01D09H001-01D09H022:40,30,55,30,55,40
01D09H037-01D13H024:20,44,35,44
01D09H054-01D12H045:9,30,20,30
01D12H054-01D13H002:5,5,5,20
01D15H041-01D17H014:30,5,45,5
01D17H016-01D17H055:40,30,55,30,55,40
01D19H019-01D21H025:20,44,35,44
01D21H055-02D01H031:60,10,60,24
01D22H005-01D23H008:40,30,55,30,55,40
01D22H010-01D22H045:45,45,58,45
01D22H048-02D00H034:50,15,65,15
02D05H015-02D08H019:45,45,58,45
02D05H059-02D08H020:40,30,55,30,55,40
02D06H023-02D08H053:15,10,15,25,25,25
02D07H052-02D08H013:30,5,45,5
02D08H016-02D08H046:28,40,40,40
02D08H023-02D11H002:60,10,60,24
02D09H028-02D11H047:60,10,60,24
02D09H048-02D10H050:36,12,36,24,48,24
02D13H055-02D16H008:9,30,20,30
02D15H018-02D18H010:28,40,40,40
02D21H032-02D23H054:3,25,3,42
03D00H050-03D02H045:10,8,24,8
03D05H047-03D06H045:3,25,3,42
03D05H051-03D08H053:50,15,65,15
03D05H057-03D08H026:33,20,33,35
03D09H041-03D13H019:36,12,36,24,48,24
03D10H007-03D12H026:3,25,3,42
03D10H020-03D11H049:20,44,35,44
03D10H023-03D11H008:62,33,62,47
03D11H013-03D14H025:20,44,35,44
03D16H027-03D18H037:9,30,20,30
03D16H030-03D19H026:45,45,58,45
03D17H044-03D19H046:30,5,45,5
03D18H006-03D19H030:10,8,24,8
03D19H045-03D20H034:5,5,5,20
03D19H049-03D20H041:20,44,35,44
03D21H018-04D00H010:10,8,24,8
03D22H005-03D23H038:15,10,15,25,25,25
04D00H046-04D02H023:50,15,65,15
04D01H023-04D04H042:60,10,60,24
04D04H052-04D07H009:62,33,62,47
04D07H020-04D10H034:28,40,40,40
04D07H036-04D09H015:40,30,55,30,55,40
04D11H054-04D13H050:30,5,45,5
04D14H044-04D17H012:5,5,5,20
04D18H015-04D19H021:50,15,65,15
04D18H027-04D18H037:15,10,15,25,25,25
04D19H014-04D22H004:3,25,3,42
04D19H038-04D20H014:10,8,24,8
04D19H055-04D21H050:9,30,20,30
04D20H035-04D22H019:60,10,60,24
04D22H023-05D02H017:20,44,35,44
05D00H000-05D01H007:36,12,36,24,48,24
05D01H034-05D01H057:50,15,65,15
05D03H014-05D05H054:40,30,55,30,55,40
05D03H026-05D04H046:20,44,35,44
05D04H032-05D05H059:45,45,58,45
05D05H008-05D09H002:15,10,15,25,25,25
05D05H058-05D08H054:28,40,40,40
05D06H033-05D09H002:3,25,3,42
05D07H042-05D10H001:9,30,20,30
05D08H021-05D11H028:45,45,58,45
05D09H016-05D11H047:36,12,36,24,48,24
05D11H050-05D15H039:50,15,65,15
05D12H043-05D14H007:10,8,24,8
05D13H011-05D16H025:33,20,33,35
05D15H004-05D19H002:9,30,20,30
05D15H047-05D18H032:50,15,65,15
05D17H022-05D19H004:62,33,62,47
05D17H043-05D20H009:15,10,15,25,25,25
06D00H000-06D02H005:36,12,36,24,48,24
06D00H031-06D03H022:36,12,36,24,48,24
06D02H013-06D04H010:15,10,15,25,25,25
06D02H050-06D04H042:3,25,3,42
06D03H028-06D06H046:10,8,24,8
06D03H058-06D06H035:40,30,55,30,55,40
06D05H020-06D08H055:50,15,65,15
06D06H048-06D08H015:62,33,62,47
06D07H009-06D07H035:50,15,65,15
06D08H005-06D08H040:50,15,65,15
06D08H034-06D11H007:33,20,33,35
06D09H029-06D11H049:10,8,24,8
06D10H052-06D14H023:5,5,5,20
06D11H001-06D11H016:60,10,60,24
06D11H032-06D14H054:20,44,35,44
06D12H024-06D14H013:28,40,40,40
06D13H039-06D15H053:9,30,20,30
06D13H054-06D14H036:20,44,35,44
06D13H054-06D15H055:36,12,36,24,48,24
06D15H009-06D17H017:45,45,58,45
06D17H006-06D18H008:30,5,45,5
06D18H022-06D21H021:45,45,58,45
06D20H029-07D00H010:60,10,60,24
06D21H029-06D23H013:40,30,55,30,55,40
06D21H034-06D23H007:45,45,58,45
06D22H025-06D22H055:50,15,65,15
06D23H046-07D02H049:30,5,45,5
07D01H006-07D03H023:28,40,40,40
07D01H007-07D04H059:50,15,65,15
07D03H021-07D07H021:10,8,24,8
07D04H003-07D06H029:60,10,60,24
07D04H049-07D07H043:33,20,33,35
07D07H009-07D08H052:50,15,65,15
07D08H051-07D10H041:28,40,40,40
07D11H043-07D15H007:40,30,55,30,55,40
07D12H042-07D15H026:36,12,36,24,48,24
07D12H047-07D13H035:45,45,58,45
07D13H056-07D17H044:15,10,15,25,25,25
07D14H007-07D16H044:36,12,36,24,48,24
07D15H010-07D18H043:33,20,33,35
07D15H015-07D17H036:28,40,40,40
07D16H012-07D17H008:5,5,5,20
07D16H014-07D18H053:15,10,15,25,25,25
07D18H001-07D19H055:30,5,45,5
07D18H048-07D20H022:45,45,58,45
07D19H009-07D22H016:3,25,3,42
07D19H012-07D23H004:33,20,33,35
07D19H029-07D20H001:40,30,55,30,55,40
07D20H002-07D23H017:30,5,45,5
07D22H032-07D22H034:33,20,33,35
07D23H007-08D00H004:28,40,40,40
07D23H012-07D23H057:30,5,45,5
07D23H038-08D02H009:45,45,58,45
07D23H050-08D02H043:9,30,20,30
08D00H001-08D00H035:45,45,58,45
08D02H042-08D03H033:40,30,55,30,55,40
08D02H043-08D03H045:36,12,36,24,48,24
08D03H000-08D04H035:28,40,40,40
08D03H010-08D04H042:10,8,24,8
08D06H017-08D08H002:33,20,33,35
08D06H042-08D09H054:9,30,20,30
08D07H001-08D07H044:5,5,5,20
08D09H007-08D11H055:50,15,65,15
08D09H009-08D10H013:36,12,36,24,48,24
08D10H032-08D11H052:33,20,33,35
08D12H015-08D13H004:50,15,65,15
08D12H039-08D14H029:10,8,24,8
08D13H000-08D13H027:10,8,24,8
08D13H007-08D14H009:45,45,58,45
08D16H054-08D19H053:9,30,20,30
08D17H004-08D20H005:3,25,3,42
08D17H029-08D18H054:9,30,20,30
08D19H003-08D22H000:62,33,62,47
08D19H007-08D21H037:10,8,24,8
08D19H024-08D20H010:15,10,15,25,25,25
08D20H004-08D22H029:60,10,60,24
08D20H041-08D22H045:5,5,5,20
08D22H029-09D00H029:5,5,5,20
09D01H015-09D01H021:45,45,58,45
09D01H028-09D04H052:28,40,40,40
09D03H053-09D06H045:33,20,33,35
09D04H024-09D04H054:45,45,58,45
09D04H039-09D06H035:40,30,55,30,55,40
09D04H053-09D06H037:20,44,35,44
09D08H011-09D11H032:3,25,3,42
09D13H055-09D14H006:50,15,65,15
09D14H025-09D15H035:62,33,62,47
09D15H024-09D18H033:36,12,36,24,48,24
09D16H037-09D18H006:45,45,58,45
09D16H055-09D19H027:50,15,65,15
09D17H002-09D19H034:3,25,3,42
09D18H041-09D20H051:5,5,5,20
09D18H053-09D19H017:9,30,20,30
09D19H056-09D20H019:60,10,60,24
09D20H050-09D21H046:5,5,5,20
09D22H037-10D01H003:9,30,20,30
09D23H024-10D02H008:15,10,15,25,25,25
10D01H001-10D01H057:45,45,58,45
10D01H030-10D01H045:40,30,55,30,55,40
10D02H056-10D06H029:62,33,62,47
10D03H004-10D06H004:33,20,33,35
10D04H034-10D07H055:50,15,65,15
10D04H054-10D07H029:62,33,62,47
10D06H034-10D09H059:36,12,36,24,48,24
10D06H042-10D09H017:50,15,65,15
10D08H043-10D09H057:30,5,45,5
10D09H003-10D12H012:62,33,62,47
10D09H021-10D12H000:5,5,5,20
10D10H017-10D11H030:28,40,40,40
10D10H022-10D13H033:5,5,5,20
10D11H023-10D11H025:3,25,3,42
10D11H042-10D12H048:15,10,15,25,25,25
10D11H050-10D11H056:3,25,3,42
10D12H029-10D15H037:33,20,33,35
10D15H011-10D15H057:62,33,62,47
10D17H036-10D20H058:15,10,15,25,25,25
10D17H042-10D19H020:20,44,35,44
10D17H046-10D20H010:3,25,3,42
10D18H059-10D22H035:20,44,35,44
10D19H008-10D19H058:9,30,20,30
10D20H024-10D22H038:50,15,65,15
10D21H021-10D22H050:10,8,24,8
10D22H013-11D00H058:45,45,58,45
10D22H048-10D23H037:36,12,36,24,48,24
11D00H033-11D01H045:45,45,58,45
11D00H058-11D04H035:9,30,20,30
11D01H011-11D02H057:3,25,3,42
11D02H032-11D05H031:45,45,58,45
11D04H008-11D05H032:20,44,35,44
11D04H050-11D07H003:50,15,65,15
11D06H044-11D08H047:5,5,5,20
11D10H017-11D10H036:10,8,24,8
11D12H005-11D14H022:40,30,55,30,55,40
11D13H044-11D15H024:62,33,62,47
11D14H054-11D17H012:3,25,3,42
11D17H022-11D20H010:62,33,62,47
11D19H018-11D22H011:5,5,5,20
11D20H054-12D00H008:45,45,58,45
11D21H015-12D00H045:20,44,35,44
11D23H013-11D23H020:33,20,33,35
12D00H006-12D04H003:28,40,40,40
12D03H052-12D04H004:5,5,5,20
12D04H015-12D06H040:15,10,15,25,25,25
12D06H035-12D06H047:9,30,20,30
12D07H010-12D11H006:33,20,33,35
12D07H014-12D07H046:30,5,45,5
12D07H018-12D09H045:9,30,20,30
12D07H026-12D09H026:10,8,24,8
12D07H053-12D11H017:20,44,35,44
12D09H002-12D12H025:15,10,15,25,25,25
12D09H020-12D12H033:5,5,5,20
12D13H042-12D17H038:3,25,3,42
12D15H044-12D19H036:10,8,24,8
12D16H011-12D19H055:28,40,40,40
12D17H016-12D21H016:20,44,35,44
12D21H013-12D21H055:3,25,3,42
12D21H052-12D22H022:45,45,58,45
12D23H038-12D23H055:60,10,60,24
13D00H009-13D03H011:28,40,40,40
13D00H056-13D04H049:36,12,36,24,48,24
13D01H014-13D02H031:33,20,33,35
13D03H049-13D04H031:50,15,65,15
13D06H004-13D09H001:30,5,45,5
13D09H059-13D10H019:20,44,35,44
13D11H009-13D13H040:5,5,5,20
13D11H041-13D12H029:10,8,24,8
13D13H009-13D16H012:50,15,65,15
13D13H027-13D16H018:10,8,24,8
13D13H050-13D16H005:36,12,36,24,48,24
13D16H056-13D17H009:50,15,65,15
13D17H009-13D18H057:60,10,60,24
13D17H016-13D20H040:62,33,62,47
13D17H034-13D17H043:9,30,20,30
13D19H040-13D20H052:33,20,33,35
13D21H043-13D23H026:9,30,20,30
13D23H043-14D02H004:10,8,24,8
13D23H047-14D00H024:3,25,3,42
13D23H059-14D02H058:60,10,60,24
14D03H038-14D04H014:50,15,65,15
14D06H026-14D07H021:62,33,62,47
14D09H056-14D13H056:45,45,58,45
14D09H058-14D11H049:20,44,35,44
14D10H001-14D10H016:20,44,35,44
14D10H021-14D12H045:33,20,33,35
14D12H010-14D14H041:36,12,36,24,48,24
14D16H021-14D17H015:40,30,55,30,55,40
14D16H022-14D19H042:45,45,58,45
14D17H008-14D20H055:5,5,5,20
14D17H050-14D21H048:15,10,15,25,25,25
14D20H000-14D22H046:10,8,24,8
14D22H006-15D01H048:5,5,5,20
14D22H047-15D01H016:5,5,5,20
14D23H049-15D01H033:30,5,45,5
15D01H026-15D02H044:40,30,55,30,55,40
15D02H005-15D03H048:33,20,33,35
15D03H046-15D05H018:33,20,33,35
15D04H028-15D04H034:40,30,55,30,55,40
15D05H026-15D06H016:5,5,5,20
15D05H052-15D07H052:28,40,40,40
15D07H025-15D07H057:30,5,45,5
15D09H032-15D13H010:15,10,15,25,25,25
15D12H051-15D12H054:20,44,35,44
15D14H034-15D16H038:36,12,36,24,48,24
15D14H042-15D18H035:10,8,24,8
15D17H050-15D20H008:36,12,36,24,48,24
15D22H000-16D00H015:9,30,20,30
16D01H010-16D03H004:33,20,33,35
16D01H039-16D03H048:30,5,45,5
16D02H037-16D05H033:3,25,3,42
16D06H058-16D07H029:28,40,40,40
16D14H040-16D15H049:33,20,33,35
16D15H005-16D16H055:20,44,35,44
16D15H013-16D15H038:62,33,62,47
16D15H036-16D15H052:40,30,55,30,55,40
16D17H030-16D21H023:28,40,40,40
16D17H055-16D21H048:3,25,3,42
16D20H033-16D21H026:50,15,65,15
16D21H058-17D01H004:60,10,60,24
16D22H046-16D23H012:15,10,15,25,25,25
16D23H052-17D03H008:62,33,62,47
16D23H058-17D03H011:36,12,36,24,48,24
17D00H010-17D03H022:3,25,3,42
17D00H057-17D04H012:50,15,65,15
17D02H004-17D05H049:20,44,35,44
17D03H001-17D06H032:5,5,5,20
17D03H004-17D04H032:10,8,24,8
17D03H009-17D06H059:28,40,40,40
17D04H027-17D05H047:5,5,5,20
17D04H049-17D05H045:20,44,35,44
17D08H056-17D09H000:50,15,65,15
17D09H021-17D13H000:60,10,60,24
17D09H027-17D12H053:33,20,33,35
17D10H025-17D14H023:50,15,65,15
17D12H040-17D15H033:45,45,58,45
17D12H056-17D13H041:40,30,55,30,55,40
17D13H026-17D16H047:30,5,45,5
17D15H021-17D17H032:5,5,5,20
17D17H014-17D20H057:30,5,45,5
17D18H034-17D21H048:40,30,55,30,55,40
17D20H036-17D21H030:50,15,65,15
17D21H057-18D00H046:62,33,62,47
17D22H002-18D00H038:60,10,60,24
18D01H025-18D03H023:10,8,24,8
18D01H031-18D04H038:15,10,15,25,25,25
18D02H015-18D05H037:15,10,15,25,25,25
18D03H053-18D06H029:28,40,40,40
18D04H003-18D05H058:20,44,35,44
18D04H028-18D07H018:28,40,40,40
18D05H033-18D07H032:3,25,3,42
18D06H022-18D06H057:50,15,65,15
18D06H031-18D09H021:15,10,15,25,25,25
18D09H035-18D09H052:15,10,15,25,25,25
18D09H047-18D11H021:40,30,55,30,55,40
18D10H049-18D13H012:33,20,33,35
18D13H006-18D15H037:50,15,65,15
18D14H004-18D14H039:3,25,3,42
18D18H003-18D21H002:10,8,24,8
18D18H004-18D18H023:36,12,36,24,48,24
18D21H050-18D23H004:15,10,15,25,25,25
18D22H012-19D01H034:9,30,20,30
18D23H025-19D02H011:50,15,65,15
19D02H005-19D03H037:28,40,40,40
19D02H034-19D03H014:50,15,65,15
19D03H030-19D07H005:33,20,33,35
19D03H058-19D05H059:28,40,40,40
19D04H032-19D06H058:5,5,5,20
19D04H046-19D06H051:36,12,36,24,48,24
19D06H003-19D08H008:60,10,60,24
19D07H048-19D10H025:10,8,24,8
19D08H011-19D11H026:10,8,24,8
19D10H004-19D12H054:62,33,62,47
19D12H041-19D13H034:60,10,60,24
19D14H000-19D14H018:10,8,24,8
19D16H008-19D16H030:20,44,35,44
19D16H028-19D19H029:15,10,15,25,25,25
19D16H033-19D20H004:62,33,62,47
19D20H033-20D00H007:36,12,36,24,48,24
19D20H050-19D23H037:10,8,24,8
19D22H015-20D00H049:5,5,5,20
19D23H000-20D02H021:3,25,3,42
19D23H040-19D23H051:20,44,35,44
20D00H024-20D01H021:40,30,55,30,55,40
20D00H055-20D03H036:40,30,55,30,55,40
20D01H049-20D05H005:36,12,36,24,48,24
20D04H036-20D05H025:45,45,58,45
20D05H045-20D06H030:40,30,55,30,55,40
20D06H026-20D10H002:9,30,20,30
20D07H019-20D10H039:28,40,40,40
20D08H038-20D11H012:30,5,45,5
20D09H032-20D09H054:33,20,33,35
20D09H043-20D12H023:33,20,33,35
20D12H000-20D12H012:60,10,60,24
20D12H010-20D14H008:36,12,36,24,48,24
20D14H030-20D17H007:15,10,15,25,25,25
20D16H042-20D19H032:40,30,55,30,55,40
20D18H007-20D21H015:62,33,62,47
20D18H015-20D19H008:33,20,33,35
20D19H039-20D22H056:10,8,24,8
20D19H042-20D21H019:10,8,24,8
20D20H018-20D23H005:20,44,35,44
20D20H024-20D23H036:5,5,5,20
20D20H032-20D23H019:60,10,60,24
20D20H046-21D00H023:9,30,20,30
20D21H028-20D21H033:60,10,60,24
20D21H031-21D01H015:5,5,5,20
20D23H015-21D02H014:40,30,55,30,55,40
21D03H002-21D06H058:5,5,5,20
21D05H024-21D07H008:15,10,15,25,25,25
21D07H029-21D08H039:3,25,3,42
21D09H007-21D11H048:40,30,55,30,55,40
21D09H010-21D10H009:28,40,40,40
21D09H018-21D09H041:3,25,3,42
21D09H051-21D09H052:15,10,15,25,25,25
21D11H049-21D14H020:5,5,5,20
21D16H057-21D19H009:60,10,60,24
21D17H047-21D17H049:10,8,24,8
21D18H018-21D20H047:33,20,33,35
21D19H006-21D19H034:10,8,24,8
21D19H034-21D21H005:33,20,33,35
21D20H007-21D23H058:10,8,24,8
21D20H025-22D00H024:62,33,62,47
21D21H016-21D23H056:5,5,5,20
21D21H048-22D00H014:33,20,33,35
21D22H031-22D01H057:5,5,5,20
21D23H017-22D01H003:36,12,36,24,48,24
22D02H037-22D06H020:10,8,24,8
22D04H004-22D06H018:36,12,36,24,48,24
22D09H019-22D09H049:5,5,5,20
22D10H032-22D12H028:5,5,5,20
22D10H041-22D12H015:62,33,62,47
22D12H030-22D14H036:5,5,5,20
22D13H044-22D14H009:62,33,62,47
22D15H053-22D16H058:30,5,45,5
22D15H058-22D17H054:20,44,35,44
22D17H033-22D20H033:9,30,20,30
22D22H017-22D23H046:36,12,36,24,48,24
22D22H046-23D00H031:10,8,24,8
23D00H023-23D01H019:50,15,65,15
23D00H024-23D03H015:20,44,35,44
23D02H006-23D05H056:15,10,15,25,25,25
23D07H000-23D10H059:10,8,24,8
23D07H054-23D10H056:5,5,5,20
23D09H020-23D10H020:30,5,45,5
23D10H000-23D11H017:36,12,36,24,48,24
23D11H047-23D12H014:20,44,35,44
23D12H013-23D14H038:9,30,20,30
23D13H035-23D17H033:62,33,62,47
23D14H018-23D15H015:62,33,62,47
23D15H024-23D19H004:28,40,40,40
23D17H004-23D17H025:50,15,65,15
23D19H048-23D19H057:33,20,33,35
23D20H048-23D23H041:28,40,40,40
23D21H057-23D22H041:60,10,60,24
24D01H006-24D03H049:60,10,60,24
24D01H047-24D03H023:5,5,5,20
24D02H009-24D04H012:15,10,15,25,25,25
24D03H000-24D04H059:45,45,58,45
24D03H057-24D04H056:36,12,36,24,48,24
24D03H058-24D07H015:15,10,15,25,25,25
24D05H034-24D05H040:30,5,45,5
24D05H034-24D06H050:36,12,36,24,48,24
24D05H047-24D08H009:33,20,33,35
24D06H022-24D07H048:62,33,62,47
24D09H015-24D12H058:40,30,55,30,55,40
24D10H002-24D10H052:62,33,62,47
24D10H019-24D11H019:30,5,45,5
24D10H052-24D11H036:60,10,60,24
24D11H045-24D15H026:10,8,24,8
24D12H024-24D14H050:40,30,55,30,55,40
24D12H039-24D15H048:36,12,36,24,48,24
24D12H041-24D13H059:30,5,45,5
24D13H018-24D16H011:3,25,3,42
24D13H059-24D15H021:9,30,20,30
24D19H010-24D21H044:33,20,33,35
24D19H023-24D20H028:5,5,5,20
24D22H022-24D23H028:40,30,55,30,55,40
24D23H034-25D00H019:20,44,35,44
25D00H039-25D03H003:40,30,55,30,55,40
25D02H029-25D06H014:5,5,5,20
25D02H041-25D04H037:36,12,36,24,48,24
25D04H048-25D06H006:20,44,35,44
25D04H050-25D07H036:50,15,65,15
25D06H019-25D07H004:62,33,62,47
25D09H003-25D12H006:36,12,36,24,48,24
25D09H028-25D09H055:20,44,35,44
25D09H042-25D13H001:9,30,20,30
25D10H001-25D12H021:15,10,15,25,25,25
25D12H004-25D14H055:36,12,36,24,48,24
25D12H007-25D13H032:20,44,35,44
25D15H048-25D17H005:9,30,20,30
25D16H055-25D17H004:15,10,15,25,25,25
25D17H037-25D20H017:60,10,60,24
25D19H046-25D23H007:20,44,35,44
25D20H021-25D21H016:3,25,3,42
25D21H014-26D00H023:30,5,45,5
25D21H031-25D21H033:30,5,45,5
25D23H030-26D00H002:33,20,33,35
26D00H020-26D03H059:60,10,60,24
26D01H019-26D02H038:40,30,55,30,55,40
26D01H038-26D05H020:5,5,5,20
26D02H049-26D04H001:10,8,24,8
26D03H011-26D04H028:50,15,65,15
26D04H002-26D04H012:20,44,35,44
26D04H008-26D06H004:3,25,3,42
26D04H018-26D08H001:50,15,65,15
26D04H027-26D07H015:40,30,55,30,55,40
26D05H033-26D06H034:62,33,62,47
26D06H042-26D10H028:60,10,60,24
26D08H030-26D09H019:9,30,20,30
26D08H035-26D12H003:36,12,36,24,48,24
26D09H036-26D10H024:40,30,55,30,55,40
26D10H005-26D13H010:62,33,62,47
26D10H009-26D12H059:15,10,15,25,25,25
26D11H020-26D12H033:60,10,60,24
26D12H040-26D15H058:36,12,36,24,48,24
26D12H041-26D14H033:20,44,35,44
26D14H054-26D18H033:28,40,40,40
26D16H009-26D16H027:3,25,3,42
26D18H039-26D21H057:5,5,5,20
26D21H015-26D21H048:3,25,3,42
26D23H030-26D23H040:28,40,40,40
26D23H037-27D01H057:10,8,24,8
26D23H047-27D00H044:50,15,65,15
26D23H047-27D03H024:10,8,24,8
27D00H014-27D00H031:62,33,62,47
27D00H045-27D00H046:60,10,60,24
27D00H045-27D02H009:3,25,3,42
27D02H012-27D03H035:50,15,65,15
27D02H026-27D04H036:9,30,20,30
27D04H008-27D07H026:45,45,58,45
27D04H026-27D05H038:20,44,35,44
27D04H040-27D07H012:50,15,65,15
27D05H033-27D08H059:45,45,58,45
27D06H033-27D08H055:62,33,62,47
27D06H050-27D09H027:10,8,24,8
27D07H033-27D08H012:45,45,58,45
27D07H040-27D08H036:5,5,5,20
27D08H022-27D11H016:30,5,45,5
27D09H015-27D11H048:30,5,45,5
27D10H046-27D14H008:36,12,36,24,48,24
27D11H031-27D14H017:9,30,20,30
27D12H051-27D13H041:9,30,20,30
27D13H047-27D15H014:60,10,60,24
27D14H006-27D17H000:36,12,36,24,48,24
27D16H012-27D16H030:60,10,60,24
27D16H059-27D19H053:36,12,36,24,48,24
27D17H025-27D20H016:9,30,20,30
27D17H028-27D17H049:62,33,62,47
27D18H047-27D20H048:60,10,60,24
27D19H024-27D19H040:33,20,33,35
27D19H036-27D21H016:50,15,65,15
27D21H042-28D01H038:60,10,60,24
27D22H044-27D22H049:5,5,5,20
27D23H049-28D00H002:10,8,24,8
28D00H002-28D00H056:15,10,15,25,25,25
28D00H020-28D00H022:45,45,58,45
28D00H034-28D01H032:36,12,36,24,48,24
28D02H017-28D05H026:62,33,62,47
28D02H058-28D03H038:40,30,55,30,55,40
28D06H033-28D09H005:30,5,45,5
28D07H053-28D10H039:62,33,62,47
28D08H053-28D11H034:62,33,62,47
28D10H033-28D11H003:33,20,33,35
28D12H055-28D13H056:3,25,3,42
28D13H051-28D15H049:15,10,15,25,25,25
28D18H034-28D21H007:36,12,36,24,48,24
28D21H018-28D22H048:15,10,15,25,25,25
28D21H018-29D00H045:10,8,24,8
28D22H058-29D00H059:9,30,20,30
28D23H011-29D01H006:10,8,24,8
29D00H029-29D03H015:33,20,33,35
29D01H020-29D04H010:20,44,35,44
29D04H030-29D05H031:15,10,15,25,25,25
29D04H057-29D06H010:28,40,40,40
29D07H047-29D11H028:28,40,40,40
29D08H039-29D10H038:36,12,36,24,48,24
29D11H032-29D14H023:5,5,5,20
29D12H016-29D12H033:62,33,62,47
29D13H020-29D16H032:20,44,35,44
29D13H043-29D14H044:28,40,40,40
29D13H047-29D15H057:36,12,36,24,48,24
29D13H052-29D16H055:28,40,40,40
29D14H014-29D16H043:3,25,3,42
29D17H030-29D21H013:45,45,58,45
29D19H017-29D19H033:9,30,20,30
29D19H028-29D21H050:45,45,58,45
29D19H038-29D22H059:15,10,15,25,25,25
29D19H059-29D20H046:5,5,5,20
29D20H041-29D22H033:60,10,60,24
29D21H006-29D23H051:28,40,40,40
29D22H040-30D02H038:20,44,35,44
29D22H049-29D23H036:9,30,20,30
30D00H021-30D02H010:30,5,45,5
30D01H003-30D02H044:30,5,45,5
30D04H056-30D07H053:36,12,36,24,48,24
30D05H014-30D08H009:45,45,58,45
30D06H002-30D06H057:9,30,20,30
30D09H053-30D11H058:60,10,60,24
30D10H028-30D12H040:36,12,36,24,48,24
30D11H002-30D13H026:50,15,65,15
30D12H001-30D13H028:45,45,58,45
30D12H027-30D16H015:40,30,55,30,55,40
30D13H036-30D13H054:10,8,24,8
30D14H036-30D15H058:20,44,35,44
30D14H042-30D16H039:20,44,35,44
30D14H043-30D17H021:20,44,35,44
30D15H014-30D17H034:20,44,35,44
30D15H032-30D19H012:60,10,60,24
30D18H016-30D19H044:62,33,62,47
30D18H023-30D20H000:3,25,3,42
30D19H007-30D23H003:60,10,60,24
30D19H057-30D19H058:60,10,60,24
30D20H016-30D21H023:10,8,24,8
30D22H044-31D01H010:5,5,5,20
30D23H039-31D03H025:20,44,35,44
31D04H048-31D08H011:3,25,3,42
31D05H026-31D06H026:10,8,24,8
31D06H006-31D08H035:28,40,40,40
31D06H040-31D07H004:9,30,20,30
31D07H006-31D10H034:30,5,45,5
31D07H039-31D10H020:62,33,62,47
31D09H045-31D13H010:20,44,35,44
31D10H016-31D11H008:28,40,40,40
31D10H026-31D12H058:10,8,24,8
31D10H030-31D10H058:50,15,65,15
31D12H050-31D15H052:36,12,36,24,48,24
31D13H026-31D17H016:36,12,36,24,48,24
31D13H049-31D14H000:20,44,35,44
31D15H002-31D18H004:45,45,58,45
31D15H046-31D16H000:3,25,3,42
31D17H059-31D21H008:20,44,35,44
31D19H019-31D22H000:33,20,33,35
31D19H032-31D19H041:28,40,40,40
31D21H014-31D21H024:9,30,20,30
31D23H006-31D23H059:30,5,45,5
