01D00H059-01D04H024:60,10,60,24
01D03H014-01D04H053:9,30,20,30
01D05H046-01D06H004:28,40,40,40
01D06H028-01D06H039:33,20,33,35
01D07H041-01D08H004:30,5,45,5
01D07H047-01D10H034:45,45,58,45
01D09H035-01D10H048:9,30,20,30
01D12H059-01D14H051:20,44,35,44
01D13H015-01D14H048:10,8,24,8
01D13H049-01D17H021:33,20,33,35
01D14H051-01D18H026:15,10,15,25,25,25
01D15H011-01D17H054:28,40,40,40
01D15H023-01D15H046:60,10,60,24
01D18H001-01D19H017:60,10,60,24
01D19H004-01D20H053:30,5,45,5
01D21H007-01D23H000:9,30,20,30
01D21H023-01D21H048:5,5,5,20
01D21H025-02D00H006:30,5,45,5
01D22H052-01D23H029:28,40,40,40
02D00H012-02D01H017:10,8,24,8
02D00H044-02D02H034:50,15,65,15
02D01H016-02D01H058:30,5,45,5
02D02H027-02D06H000:28,40,40,40
02D03H059-02D05H043:3,25,3,42
02D04H013-02D07H055:15,10,15,25,25,25
02D05H016-02D06H054:20,44,35,44
02D06H000-02D09H040:30,5,45,5
02D06H038-02D07H038:9,30,20,30
02D10H003-02D10H014:15,10,15,25,25,25
02D13H002-02D14H018:28,40,40,40
02D13H024-02D15H041:36,12,36,24,48,24
02D13H039-02D14H032:3,25,3,42
02D15H030-02D17H019:50,15,65,15
02D17H026-02D18H030:20,44,35,44
02D20H030-03D00H026:60,10,60,24
02D22H053-03D01H001:33,20,33,35
03D00H009-03D03H009:20,44,35,44
03D02H033-03D03H012:36,12,36,24,48,24
03D03H059-03D07H034:36,12,36,24,48,24
03D07H035-03D10H042:10,8,24,8
03D09H011-03D12H035:20,44,35,44
03D09H033-03D13H001:3,25,3,42
03D09H033-03D13H016:50,15,65,15
03D10H019-03D13H032:10,8,24,8
03D10H053-03D13H036:50,15,65,15
03D13H033-03D14H011:15,10,15,25,25,25
03D15H000-03D16H024:33,20,33,35
03D16H031-03D17H041:3,25,3,42
03D16H045-03D20H032:9,30,20,30
03D17H047-03D19H026:62,33,62,47
03D17H056-03D18H017:36,12,36,24,48,24
03D18H002-03D18H044:62,33,62,47
03D19H047-03D19H052:36,12,36,24,48,24
03D21H042-03D21H050:5,5,5,20
03D23H004-04D00H026:20,44,35,44
04D00H000-04D00H024:36,12,36,24,48,24
04D00H031-04D02H043:5,5,5,20
04D00H045-04D03H024:50,15,65,15
04D03H004-04D04H008:30,5,45,5
04D03H015-04D05H009:15,10,15,25,25,25
04D08H004-04D11H056:36,12,36,24,48,24
04D08H023-04D10H020:45,45,58,45
04D08H036-04D09H043:28,40,40,40
04D09H049-04D11H003:50,15,65,15
04D10H037-04D12H050:62,33,62,47
04D10H054-04D13H035:33,20,33,35
04D12H016-04D15H040:62,33,62,47
04D12H057-04D16H041:62,33,62,47
04D13H007-04D16H004:30,5,45,5
04D14H003-04D14H010:3,25,3,42
04D14H015-04D15H045:62,33,62,47
04D15H020-04D17H020:60,10,60,24
04D19H018-04D20H051:9,30,20,30
04D20H041-04D22H015:15,10,15,25,25,25
04D20H057-04D23H026:15,10,15,25,25,25
04D23H045-05D01H034:60,10,60,24
05D00H020-05D04H016:20,44,35,44
05D00H057-05D01H041:45,45,58,45
05D02H025-05D05H042:62,33,62,47
05D04H052-05D06H054:33,20,33,35
05D07H011-05D08H023:40,30,55,30,55,40
05D07H039-05D09H043:30,5,45,5
05D08H032-05D08H033:36,12,36,24,48,24
05D13H006-05D16H049:10,8,24,8
05D14H024-05D14H045:28,40,40,40
05D16H058-05D20H011:5,5,5,20
05D19H049-05D20H026:36,12,36,24,48,24
05D20H022-05D22H029:10,8,24,8
05D23H048-06D01H012:28,40,40,40
05D23H052-06D01H016:60,10,60,24
06D01H047-06D03H022:30,5,45,5
06D03H013-06D05H007:40,30,55,30,55,40
06D04H035-06D08H020:40,30,55,30,55,40
06D05H020-06D06H040:30,5,45,5
06D07H009-06D07H036:15,10,15,25,25,25
06D08H025-06D10H028:40,30,55,30,55,40
06D09H009-06D09H047:9,30,20,30
06D11H027-06D13H058:45,45,58,45
06D11H055-06D14H037:15,10,15,25,25,25
06D13H040-06D14H029:33,20,33,35
06D17H004-06D17H059:36,12,36,24,48,24
06D18H024-06D19H012:10,8,24,8
06D22H017-06D23H022:30,5,45,5
07D01H016-07D03H047:45,45,58,45
07D01H028-07D02H000:50,15,65,15
07D03H029-07D06H054:9,30,20,30
07D03H057-07D04H010:9,30,20,30
07D04H032-07D05H045:60,10,60,24
07D09H002-07D12H054:60,10,60,24
07D11H023-07D13H040:62,33,62,47
07D13H046-07D17H015:50,15,65,15
07D13H054-07D16H021:20,44,35,44
07D13H059-07D15H018:62,33,62,47
07D14H037-07D16H004:40,30,55,30,55,40
07D15H001-07D15H019:50,15,65,15
07D15H002-07D16H019:33,20,33,35
07D15H019-07D17H019:50,15,65,15
07D17H023-07D20H008:50,15,65,15
07D17H051-07D20H032:28,40,40,40
07D18H050-07D21H053:9,30,20,30
07D19H006-07D22H019:28,40,40,40
07D20H048-07D21H054:62,33,62,47
07D22H005-07D23H020:60,10,60,24
07D23H027-08D01H057:3,25,3,42
08D00H016-08D00H045:36,12,36,24,48,24
08D00H050-08D03H030:30,5,45,5
08D01H048-08D04H004:45,45,58,45
08D05H012-08D06H015:45,45,58,45
08D05H052-08D07H011:3,25,3,42
08D05H053-08D07H017:60,10,60,24
08D07H041-08D08H005:28,40,40,40
08D09H042-08D12H003:3,25,3,42
08D12H030-08D15H052:5,5,5,20
08D18H021-08D21H057:36,12,36,24,48,24
08D19H027-08D22H049:20,44,35,44
08D19H045-08D22H043:62,33,62,47
08D20H003-08D20H039:62,33,62,47
08D23H017-09D00H041:20,44,35,44
08D23H040-08D23H052:9,30,20,30
08D23H052-08D23H054:40,30,55,30,55,40
09D00H026-09D04H008:60,10,60,24
09D00H032-09D01H048:45,45,58,45
09D01H005-09D02H029:20,44,35,44
09D02H031-09D06H019:40,30,55,30,55,40
09D03H011-09D04H023:40,30,55,30,55,40
09D03H054-09D04H007:20,44,35,44
09D07H055-09D08H027:3,25,3,42
09D08H014-09D08H038:33,20,33,35
09D08H057-09D11H014:9,30,20,30
09D10H035-09D12H035:30,5,45,5
09D10H035-09D12H040:20,44,35,44
09D11H055-09D12H055:5,5,5,20
09D12H024-09D15H005:3,25,3,42
09D13H010-09D14H012:40,30,55,30,55,40
09D13H011-09D15H020:28,40,40,40
09D15H022-09D15H048:10,8,24,8
09D15H052-09D16H058:9,30,20,30
09D16H026-09D16H038:60,10,60,24
09D16H056-09D18H019:33,20,33,35
09D18H048-09D21H017:36,12,36,24,48,24
09D19H051-09D20H010:33,20,33,35
09D21H025-09D23H050:20,44,35,44
09D21H033-09D23H027:5,5,5,20
09D22H035-09D22H055:60,10,60,24
09D22H048-09D23H055:36,12,36,24,48,24
09D23H050-10D02H034:10,8,24,8
10D00H029-10D01H044:10,8,24,8
10D03H058-10D06H019:45,45,58,45
10D04H028-10D08H017:20,44,35,44
10D04H053-10D06H033:15,10,15,25,25,25
10D06H046-10D08H044:9,30,20,30
10D08H030-10D11H033:30,5,45,5
10D08H033-10D09H033:5,5,5,20
10D08H033-10D10H010:5,5,5,20
10D10H018-10D11H046:3,25,3,42
10D12H028-10D15H022:60,10,60,24
10D14H048-10D17H003:62,33,62,47
10D15H024-10D19H012:9,30,20,30
10D17H013-10D20H032:9,30,20,30
10D17H044-10D18H048:10,8,24,8
10D17H054-10D20H014:28,40,40,40
10D18H037-10D22H002:9,30,20,30
10D18H046-10D21H035:62,33,62,47
10D23H054-11D03H018:28,40,40,40
11D00H053-11D03H010:62,33,62,47
11D01H032-11D02H043:20,44,35,44
11D02H031-11D04H013:30,5,45,5
11D03H049-11D03H059:9,30,20,30
11D05H008-11D06H013:3,25,3,42
11D06H054-11D08H026:33,20,33,35
11D07H032-11D10H054:9,30,20,30
11D07H059-11D08H025:9,30,20,30
11D09H027-11D09H057:33,20,33,35
11D11H024-11D13H010:15,10,15,25,25,25
11D12H025-11D14H007:62,33,62,47
11D12H044-11D15H031:62,33,62,47
11D15H053-11D16H011:10,8,24,8
11D16H016-11D18H031:5,5,5,20
11D17H044-11D20H015:36,12,36,24,48,24
11D18H055-11D22H043:36,12,36,24,48,24
11D19H011-11D23H008:10,8,24,8
11D20H045-11D22H048:5,5,5,20
11D22H014-11D22H029:36,12,36,24,48,24
12D00H004-12D02H002:30,5,45,5
12D00H008-12D03H044:62,33,62,47
12D01H003-12D03H046:28,40,40,40
12D02H007-12D03H024:33,20,33,35
12D02H007-12D05H016:9,30,20,30
12D03H002-12D03H059:20,44,35,44
12D03H021-12D04H043:5,5,5,20
12D03H042-12D05H023:15,10,15,25,25,25
12D03H044-12D04H054:50,15,65,15
12D06H009-12D07H013:40,30,55,30,55,40
12D06H014-12D08H055:5,5,5,20
12D06H033-12D07H015:28,40,40,40
12D09H021-12D13H014:62,33,62,47
12D10H024-12D10H046:15,10,15,25,25,25
12D10H030-12D12H055:20,44,35,44
12D10H051-12D11H006:20,44,35,44
12D11H026-12D15H004:3,25,3,42
12D11H052-12D12H014:33,20,33,35
12D11H054-12D13H051:36,12,36,24,48,24
12D12H003-12D15H041:10,8,24,8
12D12H005-12D12H028:40,30,55,30,55,40
12D12H012-12D15H002:40,30,55,30,55,40
12D14H001-12D16H016:28,40,40,40
12D14H015-12D16H004:60,10,60,24
12D14H024-12D14H051:30,5,45,5
12D14H055-12D18H010:10,8,24,8
12D15H005-12D17H045:28,40,40,40
12D15H048-12D19H023:33,20,33,35
12D15H058-12D19H049:40,30,55,30,55,40
12D17H028-12D19H049:30,5,45,5
12D17H046-12D21H043:5,5,5,20
12D19H038-12D19H058:45,45,58,45
12D19H046-12D19H050:30,5,45,5
12D21H029-13D00H028:62,33,62,47
12D22H011-12D22H039:9,30,20,30
12D22H036-12D23H035:45,45,58,45
13D01H032-13D04H002:45,45,58,45
13D01H048-13D02H032:45,45,58,45
13D02H006-13D05H037:10,8,24,8
13D03H030-13D05H040:40,30,55,30,55,40
13D03H036-13D05H028:45,45,58,45
13D03H057-13D07H001:40,30,55,30,55,40
13D04H021-13D05H006:45,45,58,45
13D04H026-13D05H048:10,8,24,8
13D08H055-13D11H039:62,33,62,47
13D09H055-13D11H033:5,5,5,20
13D10H010-13D10H026:36,12,36,24,48,24
13D10H025-13D14H000:28,40,40,40
13D10H045-13D11H025:10,8,24,8
13D12H044-13D15H020:40,30,55,30,55,40
13D16H055-13D19H024:9,30,20,30
13D17H008-13D17H055:3,25,3,42
13D19H022-13D20H059:28,40,40,40
13D22H026-13D23H007:45,45,58,45
14D00H043-14D01H017:50,15,65,15
14D04H045-14D05H033:20,44,35,44
14D05H012-14D06H047:20,44,35,44
14D07H006-14D10H002:60,10,60,24
14D08H001-14D09H049:28,40,40,40
14D08H014-14D12H007:28,40,40,40
14D08H019-14D08H036:5,5,5,20
14D09H023-14D12H002:45,45,58,45
14D12H000-14D14H016:20,44,35,44
14D12H013-14D12H047:3,25,3,42
14D14H009-14D16H057:62,33,62,47
14D15H015-14D15H024:10,8,24,8
14D15H037-14D15H058:50,15,65,15
14D15H059-14D18H017:50,15,65,15
14D16H010-14D16H046:62,33,62,47
14D16H010-14D17H006:40,30,55,30,55,40
14D16H043-14D20H037:5,5,5,20
14D20H005-14D23H017:40,30,55,30,55,40
14D20H006-14D22H035:45,45,58,45
14D21H005-14D22H014:20,44,35,44
14D22H016-15D02H008:62,33,62,47
14D22H049-15D00H049:62,33,62,47
15D00H038-15D02H034:40,30,55,30,55,40
15D01H055-15D02H005:15,10,15,25,25,25
15D01H055-15D05H022:40,30,55,30,55,40
15D03H039-15D05H034:45,45,58,45
15D04H017-15D08H010:50,15,65,15
15D05H042-15D08H025:62,33,62,47
15D06H007-15D08H057:10,8,24,8
15D06H044-15D10H013:60,10,60,24
15D08H006-15D09H049:40,30,55,30,55,40
15D11H015-15D12H016:40,30,55,30,55,40
15D14H005-15D17H051:9,30,20,30
15D14H043-15D17H031:45,45,58,45
15D15H003-15D15H006:30,5,45,5
15D15H026-15D17H012:5,5,5,20
15D17H032-15D19H025:33,20,33,35
15D17H051-15D20H012:3,25,3,42
15D19H002-15D20H050:9,30,20,30
15D19H054-15D22H051:40,30,55,30,55,40
15D20H012-16D00H008:40,30,55,30,55,40
15D20H013-15D23H010:9,30,20,30
16D00H039-16D03H014:20,44,35,44
16D02H028-16D04H007:30,5,45,5
16D02H029-16D06H008:33,20,33,35
16D03H005-16D06H039:40,30,55,30,55,40
16D04H017-16D08H016:30,5,45,5
16D08H044-16D11H025:33,20,33,35
16D09H009-16D10H025:40,30,55,30,55,40
16D09H034-16D11H000:36,12,36,24,48,24
16D09H045-16D10H001:5,5,5,20
16D10H056-16D12H023:15,10,15,25,25,25
16D11H001-16D11H037:33,20,33,35
16D11H008-16D12H035:28,40,40,40
16D15H009-16D18H005:50,15,65,15
16D15H050-16D19H000:40,30,55,30,55,40
16D17H013-16D18H016:10,8,24,8
16D17H018-16D21H015:15,10,15,25,25,25
16D18H027-16D22H001:33,20,33,35
16D18H033-16D19H031:33,20,33,35
16D18H057-16D19H010:40,30,55,30,55,40
16D19H016-16D19H022:15,10,15,25,25,25
16D21H028-16D22H018:9,30,20,30
16D23H020-16D23H043:28,40,40,40
16D23H021-16D23H035:28,40,40,40
17D00H006-17D00H011:30,5,45,5
17D00H048-17D04H030:33,20,33,35
17D01H010-17D01H041:28,40,40,40
17D04H016-17D07H007:30,5,45,5
17D04H037-17D07H008:20,44,35,44
17D05H034-17D08H052:5,5,5,20
17D06H025-17D09H037:9,30,20,30
17D07H045-17D08H055:28,40,40,40
17D08H043-17D12H003:45,45,58,45
17D12H015-17D14H021:40,30,55,30,55,40
17D13H021-17D13H035:36,12,36,24,48,24
17D14H021-17D17H044:3,25,3,42
17D16H027-17D18H028:30,5,45,5
17D16H040-17D17H050:33,20,33,35
17D17H004-17D19H027:33,20,33,35
17D18H041-17D19H045:20,44,35,44
17D19H037-17D19H057:20,44,35,44
17D20H051-17D21H030:15,10,15,25,25,25
17D22H029-18D00H043:40,30,55,30,55,40
17D22H037-17D23H039:33,20,33,35
18D00H008-18D02H007:50,15,65,15
18D00H028-18D04H017:45,45,58,45
18D01H023-18D04H024:15,10,15,25,25,25
18D02H000-18D04H013:10,8,24,8
18D03H048-18D04H014:15,10,15,25,25,25
18D04H015-18D08H002:28,40,40,40
18D04H049-18D05H041:15,10,15,25,25,25
18D05H021-18D06H002:40,30,55,30,55,40
18D05H056-18D09H040:30,5,45,5
18D07H053-18D08H023:45,45,58,45
18D08H053-18D10H050:36,12,36,24,48,24
18D10H039-18D13H021:60,10,60,24
18D10H055-18D11H007:30,5,45,5
18D12H001-18D13H044:3,25,3,42
18D13H035-18D14H056:60,10,60,24
18D13H051-18D14H009:36,12,36,24,48,24
18D16H006-18D17H026:10,8,24,8
18D16H016-18D16H019:9,30,20,30
18D16H027-18D17H021:50,15,65,15
18D17H033-18D18H002:50,15,65,15
18D18H019-18D20H006:36,12,36,24,48,24
18D19H008-18D19H019:20,44,35,44
18D19H013-18D19H054:20,44,35,44
18D20H058-18D21H054:33,20,33,35
18D22H010-18D23H057:40,30,55,30,55,40
18D22H049-19D01H012:60,10,60,24
18D23H055-19D03H046:5,5,5,20
19D00H001-19D00H028:3,25,3,42
19D00H026-19D03H041:20,44,35,44
19D00H039-19D01H032:10,8,24,8
19D02H007-19D02H025:3,25,3,42
19D02H023-19D03H026:50,15,65,15
19D04H024-19D06H013:3,25,3,42
19D08H052-19D10H046:28,40,40,40
19D09H003-19D11H019:40,30,55,30,55,40
19D09H049-19D11H051:20,44,35,44
19D10H036-19D14H005:36,12,36,24,48,24
19D12H015-19D15H023:36,12,36,24,48,24
19D18H004-19D19H027:5,5,5,20
19D18H044-19D19H019:30,5,45,5
19D19H055-19D23H010:40,30,55,30,55,40
19D20H042-19D22H025:60,10,60,24
19D21H005-20D01H003:10,8,24,8
19D21H016-20D01H003:36,12,36,24,48,24
19D23H005-20D01H010:30,5,45,5
20D02H042-20D06H011:30,5,45,5
20D02H044-20D04H023:5,5,5,20
20D03H016-20D07H008:30,5,45,5
20D04H025-20D06H058:40,30,55,30,55,40
20D04H057-20D05H002:3,25,3,42
20D05H028-20D08H000:30,5,45,5
20D07H003-20D08H041:5,5,5,20
20D07H018-20D08H051:10,8,24,8
20D08H005-20D10H017:5,5,5,20
20D09H001-20D11H015:33,20,33,35
20D09H050-20D10H012:45,45,58,45
20D12H037-20D13H000:15,10,15,25,25,25
20D13H018-20D14H004:36,12,36,24,48,24
20D13H022-20D16H006:15,10,15,25,25,25
20D13H057-20D17H033:36,12,36,24,48,24
20D14H010-20D16H014:45,45,58,45
20D14H022-20D17H013:5,5,5,20
20D16H020-20D18H010:45,45,58,45
20D17H048-20D20H050:40,30,55,30,55,40
20D20H021-20D21H048:28,40,40,40
20D22H006-20D23H026:40,30,55,30,55,40
20D22H031-21D01H013:30,5,45,5
21D01H038-21D02H030:30,5,45,5
21D02H043-21D06H035:40,30,55,30,55,40
21D03H023-21D03H049:33,20,33,35
21D03H059-21D05H040:10,8,24,8
21D05H011-21D06H039:5,5,5,20
21D08H024-21D11H026:10,8,24,8
21D08H030-21D08H049:10,8,24,8
21D09H017-21D11H056:45,45,58,45
21D09H023-21D13H005:9,30,20,30
21D11H006-21D13H052:10,8,24,8
21D11H022-21D14H001:20,44,35,44
21D12H001-21D12H043:30,5,45,5
21D13H026-21D16H038:20,44,35,44
21D13H032-21D16H025:50,15,65,15
21D14H042-21D18H035:60,10,60,24
21D14H053-21D15H007:30,5,45,5
21D15H028-21D16H012:28,40,40,40
21D17H010-21D20H036:36,12,36,24,48,24
21D19H002-21D19H056:20,44,35,44
21D20H032-22D00H025:33,20,33,35
21D21H040-21D22H014:15,10,15,25,25,25
21D21H050-21D22H007:45,45,58,45
21D22H031-22D01H002:9,30,20,30
22D00H041-22D02H011:36,12,36,24,48,24
22D05H013-22D08H054:9,30,20,30
22D05H019-22D06H002:60,10,60,24
22D05H027-22D05H032:20,44,35,44
22D05H047-22D05H049:15,10,15,25,25,25
22D06H054-22D10H001:3,25,3,42
22D08H036-22D11H026:62,33,62,47
22D09H029-22D10H028:36,12,36,24,48,24
22D11H030-22D11H056:28,40,40,40
22D11H042-22D13H018:62,33,62,47
22D11H048-22D15H045:62,33,62,47
22D11H058-22D12H041:36,12,36,24,48,24
22D12H052-22D13H028:5,5,5,20
22D14H021-22D17H007:50,15,65,15
22D16H016-22D17H058:9,30,20,30
22D16H039-22D18H019:3,25,3,42
22D17H006-22D18H029:50,15,65,15
22D19H009-22D19H045:10,8,24,8
22D20H035-22D23H001:28,40,40,40
22D21H013-23D00H010:15,10,15,25,25,25
22D21H046-23D01H034:9,30,20,30
22D22H041-23D01H056:15,10,15,25,25,25
23D00H012-23D00H047:36,12,36,24,48,24
23D00H023-23D01H058:60,10,60,24
23D02H012-23D03H007:10,8,24,8
23D03H014-23D04H001:30,5,45,5
23D03H046-23D05H036:45,45,58,45
23D03H050-23D05H039:20,44,35,44
23D04H048-23D08H033:9,30,20,30
23D05H021-23D09H008:30,5,45,5
23D06H025-23D08H005:50,15,65,15
23D08H057-23D10H011:28,40,40,40
23D09H035-23D10H056:36,12,36,24,48,24
23D20H003-23D20H022:15,10,15,25,25,25
23D20H032-23D21H011:33,20,33,35
23D20H040-23D22H013:20,44,35,44
23D23H059-24D00H050:9,30,20,30
24D00H025-24D01H001:9,30,20,30
24D01H054-24D02H024:28,40,40,40
24D02H004-24D04H038:30,5,45,5
24D02H050-24D05H021:15,10,15,25,25,25
24D09H003-24D10H005:40,30,55,30,55,40
24D12H017-24D15H043:9,30,20,30
24D13H013-24D16H005:40,30,55,30,55,40
24D17H018-24D20H020:62,33,62,47
24D23H004-24D23H048:62,33,62,47
24D23H025-25D03H000:36,12,36,24,48,24
24D23H059-25D03H009:62,33,62,47
25D03H046-25D05H053:10,8,24,8
25D06H031-25D08H032:15,10,15,25,25,25
25D07H031-25D08H051:30,5,45,5
25D07H055-25D11H027:50,15,65,15
25D09H037-25D12H019:28,40,40,40
25D11H013-25D13H023:30,5,45,5
25D13H025-25D14H011:20,44,35,44
25D20H049-26D00H012:62,33,62,47
25D22H015-26D01H010:50,15,65,15
25D22H041-26D01H040:20,44,35,44
25D23H045-26D00H014:40,30,55,30,55,40
26D00H023-26D04H014:15,10,15,25,25,25
26D02H004-26D03H003:50,15,65,15
26D05H012-26D08H047:30,5,45,5
26D05H046-26D06H029:5,5,5,20
26D06H017-26D09H019:36,12,36,24,48,24
26D09H020-26D10H032:10,8,24,8
26D10H002-26D13H045:28,40,40,40
26D11H038-26D12H050:50,15,65,15
26D12H006-26D13H015:33,20,33,35
26D13H051-26D16H054:40,30,55,30,55,40
26D13H053-26D15H021:30,5,45,5
26D16H055-26D18H042:5,5,5,20
26D17H003-26D20H057:45,45,58,45
26D17H022-26D18H043:45,45,58,45
26D18H053-26D20H010:36,12,36,24,48,24
26D19H010-26D21H007:5,5,5,20
26D19H013-26D22H009:36,12,36,24,48,24
26D20H002-26D22H039:3,25,3,42
26D20H046-26D21H047:60,10,60,24
27D01H007-27D02H010:30,5,45,5
27D02H045-27D04H017:9,30,20,30
27D04H027-27D06H053:45,45,58,45
27D06H042-27D08H031:62,33,62,47
27D06H059-27D09H033:3,25,3,42
27D07H010-27D10H055:33,20,33,35
27D07H057-27D09H023:33,20,33,35
27D07H059-27D10H021:60,10,60,24
27D08H014-27D10H035:20,44,35,44
27D08H038-27D09H045:40,30,55,30,55,40
27D10H009-27D13H025:40,30,55,30,55,40
27D11H013-27D11H055:36,12,36,24,48,24
27D12H002-27D14H002:20,44,35,44
27D12H016-27D13H031:30,5,45,5
27D12H036-27D12H041:10,8,24,8
27D12H051-27D13H055:28,40,40,40
27D13H033-27D13H037:28,40,40,40
27D15H046-27D19H030:45,45,58,45
27D17H046-27D19H016:60,10,60,24
27D17H048-27D19H022:20,44,35,44
27D18H031-27D20H041:60,10,60,24
27D19H021-27D19H026:45,45,58,45
27D21H006-27D23H039:20,44,35,44
27D21H045-27D22H023:30,5,45,5
27D21H053-27D22H044:40,30,55,30,55,40
27D23H019-28D01H022:3,25,3,42
28D00H015-28D03H012:60,10,60,24
28D00H055-28D02H055:28,40,40,40
28D01H035-28D02H033:20,44,35,44
28D02H002-28D05H030:62,33,62,47
28D03H039-28D04H056:15,10,15,25,25,25
28D03H044-28D05H025:40,30,55,30,55,40
28D04H050-28D08H036:33,20,33,35
28D05H010-28D08H014:33,20,33,35
28D05H020-28D05H047:3,25,3,42
28D06H009-28D07H000:62,33,62,47
28D07H049-28D09H026:9,30,20,30
28D12H051-28D14H016:30,5,45,5
28D13H024-28D15H043:33,20,33,35
28D13H052-28D13H054:15,10,15,25,25,25
28D16H014-28D19H043:10,8,24,8
28D16H024-28D17H039:20,44,35,44
28D19H049-28D23H006:40,30,55,30,55,40
28D20H001-28D23H050:3,25,3,42
28D20H003-28D20H036:40,30,55,30,55,40
28D20H017-28D22H052:36,12,36,24,48,24
28D21H017-28D22H032:20,44,35,44
28D21H027-29D01H014:20,44,35,44
28D21H044-29D00H046:28,40,40,40
28D23H020-29D00H014:60,10,60,24
29D00H004-29D02H028:30,5,45,5
29D03H010-29D04H008:33,20,33,35
29D03H018-29D06H005:45,45,58,45
29D05H057-29D08H025:40,30,55,30,55,40
29D06H014-29D07H040:10,8,24,8
29D06H030-29D08H024:50,15,65,15
29D06H037-29D10H017:10,8,24,8
29D08H053-29D09H041:36,12,36,24,48,24
29D12H012-29D12H055:20,44,35,44
29D14H012-29D18H002:45,45,58,45
29D14H049-29D18H014:36,12,36,24,48,24
29D16H021-29D17H020:60,10,60,24
29D17H003-29D17H043:15,10,15,25,25,25
29D21H008-29D22H047:20,44,35,44
29D21H038-30D00H050:33,20,33,35
29D22H014-30D00H027:40,30,55,30,55,40
29D22H023-30D01H009:20,44,35,44
29D22H035-30D01H011:50,15,65,15
29D22H046-29D23H031:36,12,36,24,48,24
29D23H055-30D03H044:62,33,62,47
30D00H000-30D01H040:5,5,5,20
30D05H053-30D08H054:33,20,33,35
30D06H034-30D07H031:30,5,45,5
30D08H005-30D09H029:60,10,60,24
30D09H048-30D11H012:5,5,5,20
30D10H017-30D11H009:33,20,33,35
30D10H041-30D12H013:15,10,15,25,25,25
30D12H044-30D15H036:62,33,62,47
30D15H005-30D15H037:10,8,24,8
30D15H034-30D16H043:10,8,24,8
30D19H023-30D21H044:33,20,33,35
30D20H055-30D23H058:33,20,33,35
30D22H001-30D23H019:10,8,24,8
30D23H049-31D02H044:50,15,65,15
31D00H000-31D01H023:3,25,3,42
31D01H055-31D03H035:5,5,5,20
31D03H047-31D05H022:3,25,3,42
31D05H035-31D07H006:33,20,33,35
31D05H055-31D08H048:33,20,33,35
31D06H011-31D08H026:15,10,15,25,25,25
31D10H017-31D11H058:62,33,62,47
31D11H001-31D13H049:9,30,20,30
31D13H047-31D15H015:5,5,5,20
31D14H016-31D14H038:15,10,15,25,25,25
31D14H033-31D15H036:50,15,65,15
31D16H005-31D19H035:20,44,35,44
31D17H017-31D19H054:33,20,33,35
31D17H019-31D20H054:28,40,40,40
31D18H039-31D19H052:3,25,3,42
31D19H012-31D19H027:45,45,58,45
31D20H037-31D22H008:50,15,65,15
31D21H052-31D23H059:30,5,45,5
31D22H017-31D23H059:36,12,36,24,48,24
31D23H013-31D23H059:60,10,60,24
