01D00H054-01D02H044:30,5,45,5
01D03H005-01D05H049:45,45,58,45
01D04H032-01D06H049:40,30,55,30,55,40
01D05H005-01D05H014:9,30,20,30
01D05H006-01D05H008:28,40,40,40
01D06H051-01D09H009:20,44,35,44
01D07H045-01D07H049:60,10,60,24
01D09H003-01D12H050:40,30,55,30,55,40
01D10H058-01D14H017:20,44,35,44
01D12H002-01D13H036:15,10,15,25,25,25
01D12H002-01D14H006:3,25,3,42
01D12H003-01D15H046:30,5,45,5
01D16H002-01D18H054:45,45,58,45
01D16H008-01D18H032:20,44,35,44
01D16H012-01D16H047:30,5,45,5
01D16H038-01D19H033:10,8,24,8
01D19H045-01D21H040:9,30,20,30
01D19H048-01D19H052:60,10,60,24
01D20H055-02D00H036:36,12,36,24,48,24
01D21H041-02D01H037:5,5,5,20
01D22H001-02D01H041:15,10,15,25,25,25
01D22H049-01D22H059:15,10,15,25,25,25
01D23H024-02D00H026:45,45,58,45
02D00H010-02D00H046:60,10,60,24
02D00H058-02D02H023:40,30,55,30,55,40
02D02H000-02D05H010:40,30,55,30,55,40
02D03H004-02D06H052:10,8,24,8
02D04H052-02D07H001:5,5,5,20
02D05H017-02D08H021:15,10,15,25,25,25
02D07H003-02D10H041:5,5,5,20
02D08H002-02D11H028:36,12,36,24,48,24
02D08H035-02D09H016:60,10,60,24
02D09H027-02D09H042:3,25,3,42
02D09H034-02D12H038:3,25,3,42
02D13H017-02D16H010:62,33,62,47
02D13H026-02D17H012:36,12,36,24,48,24
02D13H051-02D15H003:45,45,58,45
02D14H031-02D18H003:20,44,35,44
02D16H026-02D16H035:36,12,36,24,48,24
02D17H042-02D20H007:3,25,3,42
02D18H044-02D19H046:62,33,62,47
02D19H057-02D23H007:15,10,15,25,25,25
02D20H024-02D22H059:40,30,55,30,55,40
02D20H029-02D20H039:9,30,20,30
02D20H057-02D21H032:33,20,33,35
02D23H021-02D23H059:28,40,40,40
02D23H045-03D01H035:33,20,33,35
03D00H054-03D04H035:15,10,15,25,25,25
03D02H001-03D02H012:20,44,35,44
03D03H024-03D04H009:9,30,20,30
03D03H050-03D06H024:40,30,55,30,55,40
03D05H026-03D08H047:9,30,20,30
03D05H041-03D07H036:33,20,33,35
03D06H004-03D06H038:20,44,35,44
03D06H020-03D08H053:5,5,5,20
03D08H039-03D10H035:3,25,3,42
03D09H020-03D10H037:10,8,24,8
03D09H031-03D13H016:15,10,15,25,25,25
03D09H057-03D11H032:50,15,65,15
03D11H046-03D14H005:5,5,5,20
03D12H054-03D15H021:9,30,20,30
03D13H004-03D14H014:15,10,15,25,25,25
03D14H018-03D16H013:40,30,55,30,55,40
03D15H048-03D16H037:9,30,20,30
03D16H055-03D19H028:45,45,58,45
03D19H012-03D21H025:10,8,24,8
03D19H050-03D20H012:33,20,33,35
03D20H004-03D22H030:9,30,20,30
03D21H047-03D23H053:28,40,40,40
03D21H058-04D01H033:5,5,5,20
03D22H057-04D00H002:10,8,24,8
03D23H006-04D02H012:9,30,20,30
04D00H059-04D04H006:36,12,36,24,48,24
04D02H013-04D03H025:10,8,24,8
04D02H023-04D04H037:40,30,55,30,55,40
04D03H005-04D03H006:20,44,35,44
04D05H017-04D07H034:50,15,65,15
04D05H047-04D08H011:5,5,5,20
04D06H034-04D08H008:15,10,15,25,25,25
04D07H041-04D11H034:30,5,45,5
04D08H030-04D12H012:3,25,3,42
04D08H046-04D12H004:33,20,33,35
04D11H002-04D12H026:10,8,24,8
04D11H024-04D13H030:10,8,24,8
04D12H014-04D13H039:45,45,58,45
04D13H014-04D13H037:10,8,24,8
04D14H056-04D17H038:28,40,40,40
04D15H009-04D17H046:60,10,60,24
04D17H031-04D18H048:62,33,62,47
04D18H002-04D18H011:15,10,15,25,25,25
04D18H009-04D20H010:15,10,15,25,25,25
04D18H022-04D22H020:60,10,60,24
04D19H045-04D21H040:40,30,55,30,55,40
04D19H049-04D23H013:45,45,58,45
04D20H036-04D21H046:5,5,5,20
04D20H055-04D21H033:9,30,20,30
05D01H033-05D02H024:60,10,60,24
05D05H031-05D05H053:60,10,60,24
05D08H048-05D12H011:28,40,40,40
05D08H053-05D09H014:15,10,15,25,25,25
05D09H019-05D10H035:60,10,60,24
05D10H001-05D12H022:50,15,65,15
05D10H025-05D12H021:20,44,35,44
05D10H052-05D11H014:33,20,33,35
05D11H002-05D11H056:20,44,35,44
05D11H043-05D13H027:3,25,3,42
05D12H005-05D14H020:5,5,5,20
05D14H049-05D16H005:50,15,65,15
05D15H045-05D17H052:20,44,35,44
05D17H005-05D20H003:10,8,24,8
05D18H018-05D18H054:36,12,36,24,48,24
05D19H000-05D19H031:50,15,65,15
05D20H040-06D00H035:45,45,58,45
05D21H000-05D22H040:28,40,40,40
05D21H004-05D23H043:28,40,40,40
05D21H038-05D22H040:20,44,35,44
05D22H005-05D22H059:28,40,40,40
05D22H046-06D01H051:50,15,65,15
06D03H011-06D04H015:20,44,35,44
06D06H036-06D08H039:30,5,45,5
06D07H033-06D08H039:28,40,40,40
06D08H002-06D08H047:20,44,35,44
06D09H035-06D12H036:50,15,65,15
06D11H012-06D14H028:15,10,15,25,25,25
06D13H007-06D15H000:45,45,58,45
06D14H037-06D18H023:60,10,60,24
06D15H031-06D16H031:60,10,60,24
06D16H035-06D17H007:30,5,45,5
06D18H005-06D21H039:30,5,45,5
06D18H045-06D22H021:33,20,33,35
06D22H031-07D01H050:33,20,33,35
06D23H007-07D02H025:10,8,24,8
07D01H038-07D03H019:30,5,45,5
07D06H043-07D07H006:45,45,58,45
07D08H019-07D10H029:9,30,20,30
07D08H029-07D10H031:20,44,35,44
07D09H054-07D12H050:50,15,65,15
07D10H021-07D13H049:15,10,15,25,25,25
07D14H039-07D16H053:40,30,55,30,55,40
07D17H005-07D20H026:60,10,60,24
07D17H015-07D18H000:33,20,33,35
07D21H025-08D01H011:10,8,24,8
07D21H056-08D00H043:30,5,45,5
08D02H015-08D06H000:60,10,60,24
08D03H038-08D03H044:28,40,40,40
08D07H032-08D09H012:9,30,20,30
08D07H057-08D09H007:3,25,3,42
08D11H051-08D13H059:45,45,58,45
08D11H054-08D14H016:40,30,55,30,55,40
08D13H000-08D14H005:9,30,20,30
08D13H008-08D14H023:20,44,35,44
08D14H049-08D15H030:9,30,20,30
08D15H032-08D17H046:20,44,35,44
08D16H039-08D18H043:3,25,3,42
08D17H056-08D18H040:28,40,40,40
08D18H039-08D21H056:50,15,65,15
08D19H058-08D21H054:60,10,60,24
09D00H025-09D03H005:33,20,33,35
09D00H047-09D03H005:20,44,35,44
09D01H027-09D01H037:33,20,33,35
09D05H002-09D07H014:33,20,33,35
09D05H005-09D06H009:45,45,58,45
09D05H011-09D08H048:10,8,24,8
09D06H051-09D10H012:5,5,5,20
09D09H005-09D12H020:20,44,35,44
09D10H021-09D13H000:50,15,65,15
09D10H025-09D13H044:50,15,65,15
09D10H047-09D11H055:60,10,60,24
09D11H030-09D13H008:3,25,3,42
09D12H011-09D12H044:10,8,24,8
09D12H057-09D15H007:15,10,15,25,25,25
09D15H006-09D17H052:5,5,5,20
09D15H006-09D18H015:40,30,55,30,55,40
09D17H017-09D18H055:20,44,35,44
09D17H027-09D20H049:10,8,24,8
09D18H001-09D18H033:33,20,33,35
09D20H040-09D23H032:40,30,55,30,55,40
09D21H028-09D23H048:9,30,20,30
10D01H013-10D04H054:45,45,58,45
10D01H021-10D02H052:15,10,15,25,25,25
10D01H039-10D03H059:30,5,45,5
10D01H050-10D03H009:60,10,60,24
10D02H034-10D03H059:9,30,20,30
10D03H043-10D06H000:10,8,24,8
10D04H025-10D07H051:15,10,15,25,25,25
10D05H011-10D07H034:60,10,60,24
10D05H042-10D08H031:15,10,15,25,25,25
10D07H019-10D08H004:15,10,15,25,25,25
10D12H042-10D12H055:15,10,15,25,25,25
10D13H039-10D16H011:15,10,15,25,25,25
10D14H004-10D15H059:15,10,15,25,25,25
10D15H000-10D18H050:30,5,45,5
10D23H012-11D02H052:40,30,55,30,55,40
11D00H028-11D02H026:40,30,55,30,55,40
11D03H033-11D03H049:3,25,3,42
11D04H016-11D05H042:50,15,65,15
11D08H044-11D11H021:36,12,36,24,48,24
11D11H038-11D13H015:3,25,3,42
11D12H055-11D13H033:36,12,36,24,48,24
11D13H051-11D14H054:3,25,3,42
11D14H056-11D17H005:10,8,24,8
11D17H042-11D21H002:60,10,60,24
11D18H027-11D20H009:15,10,15,25,25,25
11D18H048-11D19H052:33,20,33,35
11D21H047-12D01H041:28,40,40,40
11D22H048-12D01H052:40,30,55,30,55,40
11D22H051-11D23H037:9,30,20,30
12D07H028-12D10H050:45,45,58,45
12D07H054-12D09H024:45,45,58,45
12D09H058-12D13H011:60,10,60,24
12D10H021-12D10H045:40,30,55,30,55,40
12D13H046-12D14H039:40,30,55,30,55,40
12D18H001-12D18H033:30,5,45,5
12D21H043-13D01H013:33,20,33,35
12D23H036-13D03H010:45,45,58,45
13D00H011-13D02H017:10,8,24,8
13D03H019-13D03H039:45,45,58,45
13D03H040-13D07H003:5,5,5,20
13D04H021-13D04H043:40,30,55,30,55,40
13D04H053-13D06H010:20,44,35,44
13D06H037-13D09H055:9,30,20,30
13D08H000-13D11H006:30,5,45,5
13D08H012-13D11H033:33,20,33,35
13D09H043-13D12H043:62,33,62,47
13D09H047-13D13H002:5,5,5,20
13D10H041-13D13H043:36,12,36,24,48,24
13D13H024-13D13H049:3,25,3,42
13D14H045-13D16H002:30,5,45,5
13D15H048-13D19H037:40,30,55,30,55,40
13D17H053-13D18H041:9,30,20,30
13D18H000-13D20H058:45,45,58,45
13D19H017-13D20H054:15,10,15,25,25,25
13D20H011-13D23H006:50,15,65,15
13D20H044-13D21H005:20,44,35,44
13D21H011-13D23H031:10,8,24,8
13D23H029-14D03H023:15,10,15,25,25,25
14D01H003-14D05H000:40,30,55,30,55,40
14D01H054-14D02H008:9,30,20,30
14D02H026-14D06H002:36,12,36,24,48,24
14D05H036-14D08H049:15,10,15,25,25,25
14D07H014-14D08H056:15,10,15,25,25,25
14D07H045-14D08H017:10,8,24,8
14D07H053-14D10H054:62,33,62,47
14D08H003-14D10H019:45,45,58,45
14D08H014-14D10H024:5,5,5,20
14D09H020-14D10H014:3,25,3,42
14D11H025-14D12H018:33,20,33,35
14D11H054-14D13H041:9,30,20,30
14D12H028-14D14H000:15,10,15,25,25,25
14D12H047-14D14H046:28,40,40,40
14D14H030-14D17H033:28,40,40,40
14D14H035-14D16H022:20,44,35,44
14D14H046-14D17H024:5,5,5,20
14D15H023-14D18H021:10,8,24,8
14D15H028-14D18H041:50,15,65,15
14D16H024-14D18H033:45,45,58,45
14D19H047-14D22H046:50,15,65,15
14D19H052-14D21H029:20,44,35,44
15D05H039-15D07H051:33,20,33,35
15D07H006-15D07H047:5,5,5,20
15D08H033-15D09H027:20,44,35,44
15D09H053-15D13H051:28,40,40,40
15D10H048-15D11H009:62,33,62,47
15D13H025-15D15H014:20,44,35,44
15D14H040-15D16H034:28,40,40,40
15D16H050-15D18H026:62,33,62,47
15D19H008-15D19H010:10,8,24,8
15D20H032-15D22H035:20,44,35,44
15D21H019-15D23H059:9,30,20,30
15D21H025-15D22H053:9,30,20,30
15D21H041-16D01H012:62,33,62,47
15D22H008-15D23H053:45,45,58,45
15D22H037-15D22H052:45,45,58,45
15D23H017-15D23H024:33,20,33,35
15D23H044-16D02H054:40,30,55,30,55,40
16D00H034-16D01H053:28,40,40,40
16D01H027-16D01H043:33,20,33,35
16D02H010-16D04H024:3,25,3,42
16D02H025-16D03H046:3,25,3,42
16D03H011-16D03H031:5,5,5,20
16D04H033-16D04H043:45,45,58,45
16D04H045-16D07H039:15,10,15,25,25,25
16D05H035-16D08H043:40,30,55,30,55,40
16D06H053-16D08H051:15,10,15,25,25,25
16D07H006-16D10H038:15,10,15,25,25,25
16D07H058-16D09H058:10,8,24,8
16D10H021-16D14H006:15,10,15,25,25,25
16D10H055-16D13H044:28,40,40,40
16D11H051-16D14H049:62,33,62,47
16D12H004-16D13H058:3,25,3,42
16D14H032-16D14H045:33,20,33,35
16D15H004-16D18H033:30,5,45,5
16D16H009-16D16H010:40,30,55,30,55,40
16D18H024-16D20H009:60,10,60,24
16D19H023-16D20H004:3,25,3,42
16D20H032-16D22H052:36,12,36,24,48,24
16D20H051-16D23H050:45,45,58,45
16D21H008-16D21H059:20,44,35,44
17D03H001-17D04H041:15,10,15,25,25,25
17D03H024-17D05H024:50,15,65,15
17D03H029-17D04H054:33,20,33,35
17D03H046-17D07H044:60,10,60,24
17D03H050-17D04H034:15,10,15,25,25,25
17D04H036-17D05H009:50,15,65,15
17D05H021-17D08H013:60,10,60,24
17D08H031-17D11H009:40,30,55,30,55,40
17D08H035-17D09H023:9,30,20,30
17D09H025-17D11H009:62,33,62,47
17D11H015-17D13H014:10,8,24,8
17D11H028-17D15H020:5,5,5,20
17D12H003-17D12H019:40,30,55,30,55,40
17D13H000-17D13H053:3,25,3,42
17D13H045-17D17H016:50,15,65,15
17D14H022-17D14H058:45,45,58,45
17D14H058-17D18H026:15,10,15,25,25,25
17D16H019-17D17H025:5,5,5,20
17D17H000-17D18H026:33,20,33,35
17D19H000-17D20H014:28,40,40,40
17D20H043-18D00H023:60,10,60,24
17D21H017-17D23H028:5,5,5,20
17D21H019-17D22H048:30,5,45,5
17D22H047-17D23H034:28,40,40,40
17D23H030-18D00H012:20,44,35,44
18D00H041-18D01H008:33,20,33,35
18D01H021-18D05H018:15,10,15,25,25,25
18D02H047-18D03H018:10,8,24,8
18D05H009-18D07H054:62,33,62,47
18D07H004-18D08H047:50,15,65,15
18D07H044-18D09H054:28,40,40,40
18D08H047-18D09H029:40,30,55,30,55,40
18D10H007-18D10H014:10,8,24,8
18D10H052-18D12H052:33,20,33,35
18D11H022-18D12H043:9,30,20,30
18D12H005-18D14H044:20,44,35,44
18D15H017-18D19H013:30,5,45,5
18D15H023-18D18H022:62,33,62,47
18D17H053-18D18H053:9,30,20,30
18D19H020-18D22H036:33,20,33,35
18D20H035-18D22H024:28,40,40,40
18D21H028-19D00H012:28,40,40,40
18D22H039-19D02H030:10,8,24,8
18D23H026-19D02H048:9,30,20,30
19D02H011-19D02H055:3,25,3,42
19D04H026-19D06H053:40,30,55,30,55,40
19D05H016-19D08H038:33,20,33,35
19D11H014-19D12H050:9,30,20,30
19D12H013-19D14H019:20,44,35,44
19D13H030-19D14H004:60,10,60,24
19D17H041-19D19H042:33,20,33,35
19D18H023-19D19H036:5,5,5,20
19D20H000-19D22H058:30,5,45,5
19D20H020-19D22H001:5,5,5,20
19D20H029-19D23H012:28,40,40,40
19D21H040-19D23H035:50,15,65,15
19D23H004-20D02H019:62,33,62,47
20D00H018-20D02H022:33,20,33,35
20D01H044-20D03H034:36,12,36,24,48,24
20D02H007-20D03H029:5,5,5,20
20D02H031-20D04H008:28,40,40,40
20D09H021-20D09H059:40,30,55,30,55,40
20D09H046-20D13H046:15,10,15,25,25,25
20D10H010-20D11H022:62,33,62,47
20D11H006-20D13H054:15,10,15,25,25,25
20D11H009-20D13H033:10,8,24,8
20D12H018-20D14H002:60,10,60,24
20D16H044-20D20H003:20,44,35,44
20D17H056-20D20H000:33,20,33,35
20D19H014-20D21H015:36,12,36,24,48,24
20D19H050-20D20H000:40,30,55,30,55,40
20D20H048-21D00H037:62,33,62,47
20D23H042-21D01H018:5,5,5,20
21D00H040-21D01H040:28,40,40,40
21D01H053-21D02H019:50,15,65,15
21D03H017-21D05H059:15,10,15,25,25,25
21D03H026-21D04H006:60,10,60,24
21D04H009-21D07H004:60,10,60,24
21D04H040-21D06H028:28,40,40,40
21D05H008-21D06H033:20,44,35,44
21D06H031-21D10H009:50,15,65,15
21D07H044-21D08H042:10,8,24,8
21D09H027-21D11H035:40,30,55,30,55,40
21D09H044-21D11H005:15,10,15,25,25,25
21D09H046-21D10H034:40,30,55,30,55,40
21D11H042-21D13H047:20,44,35,44
21D11H049-21D14H010:33,20,33,35
21D12H023-21D14H006:33,20,33,35
21D13H028-21D13H032:62,33,62,47
21D14H001-21D17H019:20,44,35,44
21D14H030-21D15H010:5,5,5,20
21D14H044-21D17H058:40,30,55,30,55,40
21D15H002-21D16H040:33,20,33,35
21D15H024-21D18H011:60,10,60,24
21D15H033-21D15H048:3,25,3,42
21D17H031-21D19H051:60,10,60,24
21D17H052-21D18H009:20,44,35,44
21D19H015-21D19H040:3,25,3,42
21D19H024-21D20H037:60,10,60,24
21D20H043-21D22H006:15,10,15,25,25,25
21D20H047-22D00H030:50,15,65,15
21D22H004-21D23H059:50,15,65,15
21D23H029-22D02H024:50,15,65,15
21D23H055-22D03H004:36,12,36,24,48,24
22D00H026-22D02H041:20,44,35,44
22D02H025-22D03H019:15,10,15,25,25,25
22D04H004-22D06H047:20,44,35,44
22D04H010-22D04H020:28,40,40,40
22D04H010-22D06H019:36,12,36,24,48,24
22D05H005-22D05H053:3,25,3,42
22D05H051-22D08H018:62,33,62,47
22D07H056-22D09H030:36,12,36,24,48,24
22D08H003-22D09H032:9,30,20,30
22D12H045-22D13H027:9,30,20,30
22D14H039-22D14H044:45,45,58,45
22D14H046-22D18H004:36,12,36,24,48,24
22D15H030-22D17H031:62,33,62,47
22D15H045-22D16H050:62,33,62,47
22D15H054-22D16H033:9,30,20,30
22D16H029-22D16H047:45,45,58,45
22D17H048-22D19H005:3,25,3,42
22D18H020-22D20H038:36,12,36,24,48,24
22D18H031-22D21H039:33,20,33,35
22D18H033-22D20H050:15,10,15,25,25,25
22D19H014-22D20H002:20,44,35,44
22D23H024-23D02H014:15,10,15,25,25,25
22D23H033-23D01H012:30,5,45,5
22D23H035-23D02H026:15,10,15,25,25,25
23D00H004-23D02H002:33,20,33,35
23D02H057-23D06H052:62,33,62,47
23D08H043-23D12H003:40,30,55,30,55,40
23D09H051-23D13H010:33,20,33,35
23D10H022-23D11H001:20,44,35,44
23D10H046-23D11H006:10,8,24,8
23D11H021-23D13H054:50,15,65,15
23D14H058-23D16H027:15,10,15,25,25,25
23D15H003-23D15H038:15,10,15,25,25,25
23D15H030-23D17H017:60,10,60,24
23D15H033-23D18H040:60,10,60,24
23D17H036-23D20H040:33,20,33,35
23D18H012-23D21H006:20,44,35,44
23D18H025-23D21H020:3,25,3,42
23D18H042-23D21H013:15,10,15,25,25,25
23D19H029-23D23H025:50,15,65,15
23D19H056-23D20H000:9,30,20,30
23D20H009-23D22H058:40,30,55,30,55,40
23D20H012-23D21H041:36,12,36,24,48,24
23D22H022-24D01H013:3,25,3,42
23D23H006-24D02H028:40,30,55,30,55,40
23D23H017-24D02H004:5,5,5,20
23D23H057-24D03H036:50,15,65,15
24D00H017-24D02H049:10,8,24,8
24D01H012-24D03H039:9,30,20,30
24D01H038-24D05H023:30,5,45,5
24D02H020-24D04H008:33,20,33,35
24D02H034-24D05H055:50,15,65,15
24D03H040-24D06H017:33,20,33,35
24D03H054-24D05H022:15,10,15,25,25,25
24D05H002-24D06H030:20,44,35,44
24D05H047-24D08H019:20,44,35,44
24D06H047-24D09H026:33,20,33,35
24D06H056-24D09H028:50,15,65,15
24D06H058-24D09H035:62,33,62,47
24D06H059-24D10H016:3,25,3,42
24D07H058-24D10H058:62,33,62,47
24D08H055-24D11H057:50,15,65,15
24D09H038-24D13H024:36,12,36,24,48,24
24D10H031-24D13H002:45,45,58,45
24D12H013-24D14H018:50,15,65,15
24D12H020-24D14H057:45,45,58,45
24D12H032-24D13H048:40,30,55,30,55,40
24D12H041-24D14H058:40,30,55,30,55,40
24D15H017-24D18H034:62,33,62,47
24D17H034-24D20H041:3,25,3,42
24D18H050-24D22H019:9,30,20,30
24D21H054-25D00H042:30,5,45,5
24D22H052-25D01H020:36,12,36,24,48,24
24D23H022-25D02H041:15,10,15,25,25,25
24D23H032-25D03H020:50,15,65,15
25D01H057-25D05H027:30,5,45,5
25D02H056-25D05H054:28,40,40,40
25D04H055-25D05H039:20,44,35,44
25D05H013-25D08H032:60,10,60,24
25D05H021-25D05H036:20,44,35,44
25D08H044-25D11H049:20,44,35,44
25D09H015-25D11H025:28,40,40,40
25D10H047-25D14H015:15,10,15,25,25,25
25D12H014-25D15H004:60,10,60,24
25D15H041-25D17H013:50,15,65,15
25D18H018-25D19H057:62,33,62,47
25D18H029-25D18H050:40,30,55,30,55,40
25D19H045-25D20H057:9,30,20,30
25D20H032-25D21H046:45,45,58,45
25D22H004-26D01H023:40,30,55,30,55,40
25D22H048-26D01H030:20,44,35,44
25D23H002-26D01H030:28,40,40,40
25D23H055-26D03H030:30,5,45,5
26D00H002-26D03H026:9,30,20,30
26D04H031-26D05H005:20,44,35,44
26D04H050-26D07H005:9,30,20,30
26D06H052-26D09H031:9,30,20,30
26D07H039-26D07H040:40,30,55,30,55,40
26D10H011-26D10H058:60,10,60,24
26D12H019-26D15H014:60,10,60,24
26D12H020-26D14H047:5,5,5,20
26D13H058-26D15H043:20,44,35,44
26D17H059-26D20H038:5,5,5,20
26D19H028-26D22H041:62,33,62,47
26D20H011-26D20H056:15,10,15,25,25,25
26D20H013-26D22H029:62,33,62,47
26D20H036-26D22H014:45,45,58,45
26D21H057-27D00H053:9,30,20,30
27D00H040-27D01H007:28,40,40,40
27D02H007-27D04H011:40,30,55,30,55,40
27D03H051-27D03H056:15,10,15,25,25,25
27D04H054-27D05H055:9,30,20,30
27D05H054-27D08H056:62,33,62,47
27D06H017-27D07H036:5,5,5,20
27D06H034-27D07H034:62,33,62,47
27D07H016-27D09H043:33,20,33,35
27D07H016-27D11H003:60,10,60,24
27D07H022-27D10H034:60,10,60,24
27D08H049-27D09H035:33,20,33,35
27D09H009-27D10H051:9,30,20,30
27D10H019-27D10H059:28,40,40,40
27D14H051-27D17H023:62,33,62,47
27D16H000-27D19H046:15,10,15,25,25,25
27D16H025-27D19H059:40,30,55,30,55,40
27D17H002-27D20H040:33,20,33,35
27D19H026-27D20H046:15,10,15,25,25,25
28D00H029-28D03H010:5,5,5,20
28D00H049-28D04H010:3,25,3,42
28D01H051-28D05H019:33,20,33,35
28D03H036-28D07H023:40,30,55,30,55,40
28D04H034-28D06H006:60,10,60,24
28D04H051-28D06H009:33,20,33,35
28D05H039-28D06H058:36,12,36,24,48,24
28D07H002-28D07H003:50,15,65,15
28D07H023-28D08H017:15,10,15,25,25,25
28D09H013-28D13H002:3,25,3,42
28D10H011-28D13H058:40,30,55,30,55,40
28D10H058-28D13H033:45,45,58,45
28D12H031-28D14H041:3,25,3,42
28D14H003-28D16H006:33,20,33,35
28D15H012-28D16H032:36,12,36,24,48,24
28D16H043-28D20H042:62,33,62,47
28D17H026-28D20H055:10,8,24,8
28D18H008-28D19H014:10,8,24,8
28D19H001-28D20H026:20,44,35,44
28D19H050-28D22H002:60,10,60,24
28D20H019-28D22H012:20,44,35,44
28D21H033-28D22H008:28,40,40,40
28D21H054-29D00H043:10,8,24,8
28D23H021-29D03H006:36,12,36,24,48,24
29D01H000-29D03H053:62,33,62,47
29D02H028-29D03H042:33,20,33,35
29D03H010-29D04H009:15,10,15,25,25,25
29D07H010-29D08H003:5,5,5,20
29D07H019-29D09H014:45,45,58,45
29D09H008-29D11H046:5,5,5,20
29D09H014-29D12H058:33,20,33,35
29D09H050-29D10H046:45,45,58,45
29D10H047-29D13H038:60,10,60,24
29D11H014-29D12H033:33,20,33,35
29D14H042-29D15H012:20,44,35,44
29D15H025-29D15H033:50,15,65,15
29D15H056-29D16H005:62,33,62,47
29D17H014-29D19H040:36,12,36,24,48,24
29D18H037-29D19H037:15,10,15,25,25,25
29D18H043-29D19H040:36,12,36,24,48,24
29D21H001-29D23H037:5,5,5,20
29D21H008-30D01H001:30,5,45,5
29D21H021-29D23H002:60,10,60,24
30D00H043-30D01H018:62,33,62,47
30D02H014-30D05H012:45,45,58,45
30D02H024-30D02H035:30,5,45,5
30D03H032-30D06H048:36,12,36,24,48,24
30D03H034-30D05H041:3,25,3,42
30D05H041-30D06H034:50,15,65,15
30D06H011-30D09H026:28,40,40,40
30D09H057-30D10H002:28,40,40,40
30D10H039-30D12H010:10,8,24,8
30D12H051-30D13H034:15,10,15,25,25,25
30D12H052-30D15H052:5,5,5,20
30D14H022-30D16H045:60,10,60,24
30D14H027-30D15H038:62,33,62,47
30D14H052-30D15H049:28,40,40,40
30D15H052-30D17H037:30,5,45,5
30D17H016-30D20H042:50,15,65,15
30D17H051-30D21H039:10,8,24,8
30D19H003-30D21H018:60,10,60,24
30D20H005-30D23H056:33,20,33,35
30D20H041-30D20H056:62,33,62,47
30D21H001-30D23H002:5,5,5,20
30D21H001-30D23H027:30,5,45,5
30D23H058-30D23H059:30,5,45,5
