01D01H022-01D02H020:60,10,60,24
01D03H031-01D06H010:9,30,20,30
01D05H035-01D07H023:15,10,15,25,25,25
01D06H047-01D10H015:15,10,15,25,25,25
01D06H054-01D08H007:15,10,15,25,25,25
01D09H027-01D10H040:3,25,3,42
01D10H012-01D10H030:9,30,20,30
01D10H023-01D13H032:36,12,36,24,48,24
01D11H029-01D14H056:5,5,5,20
01D12H000-01D12H050:3,25,3,42
01D13H029-01D17H019:33,20,33,35
01D13H047-01D15H054:45,45,58,45
01D16H025-01D19H005:36,12,36,24,48,24
01D17H037-01D18H031:5,5,5,20
01D19H030-01D21H019:30,5,45,5
01D20H014-01D22H003:40,30,55,30,55,40
01D21H009-01D22H024:40,30,55,30,55,40
01D21H016-01D23H046:62,33,62,47
01D21H024-01D23H012:60,10,60,24
01D23H002-01D23H030:20,44,35,44
01D23H051-02D01H013:40,30,55,30,55,40
02D00H038-02D02H029:33,20,33,35
02D00H040-02D01H036:10,8,24,8
02D01H008-02D03H039:10,8,24,8
02D02H030-02D03H004:36,12,36,24,48,24
02D02H045-02D05H030:9,30,20,30
02D04H037-02D04H042:15,10,15,25,25,25
02D04H055-02D06H006:30,5,45,5
02D05H050-02D06H056:50,15,65,15
02D06H030-02D08H054:20,44,35,44
02D08H000-02D10H012:9,30,20,30
02D08H006-02D08H010:50,15,65,15
02D09H022-02D12H024:62,33,62,47
02D09H046-02D13H003:15,10,15,25,25,25
02D10H050-02D11H034:30,5,45,5
02D14H030-02D15H000:20,44,35,44
02D15H003-02D15H053:62,33,62,47
02D15H013-02D16H035:45,45,58,45
02D15H046-02D16H038:5,5,5,20
02D16H053-02D17H034:3,25,3,42
02D17H016-02D20H033:40,30,55,30,55,40
02D17H026-02D19H050:30,5,45,5
02D17H027-02D17H037:3,25,3,42
02D19H008-02D21H023:10,8,24,8
02D19H056-02D23H002:30,5,45,5
02D21H031-02D22H031:62,33,62,47
02D21H045-02D23H018:28,40,40,40
02D22H023-02D22H054:10,8,24,8
03D00H045-03D03H047:36,12,36,24,48,24
03D00H055-03D03H004:20,44,35,44
03D03H011-03D05H052:30,5,45,5
03D04H009-03D05H026:28,40,40,40
03D04H017-03D07H032:40,30,55,30,55,40
03D05H026-03D07H037:45,45,58,45
03D06H042-03D09H021:9,30,20,30
03D08H013-03D09H055:20,44,35,44
03D08H027-03D10H017:50,15,65,15
03D09H013-03D11H009:9,30,20,30
03D09H047-03D11H051:20,44,35,44
03D11H008-03D12H046:36,12,36,24,48,24
03D11H011-03D14H012:10,8,24,8
03D12H039-03D14H058:62,33,62,47
03D12H052-03D13H019:5,5,5,20
03D13H016-03D17H003:20,44,35,44
03D14H034-03D16H009:15,10,15,25,25,25
03D14H047-03D18H019:45,45,58,45
03D15H001-03D17H040:20,44,35,44
03D15H056-03D19H037:36,12,36,24,48,24
03D18H011-03D20H037:40,30,55,30,55,40
03D19H007-03D21H009:45,45,58,45
03D20H016-03D22H027:9,30,20,30
03D21H001-03D22H010:62,33,62,47
03D21H053-04D00H000:33,20,33,35
03D22H011-04D02H007:15,10,15,25,25,25
04D00H036-04D00H053:50,15,65,15
04D01H003-04D04H029:62,33,62,47
04D01H043-04D04H010:50,15,65,15
04D03H056-04D04H008:9,30,20,30
04D06H048-04D08H003:15,10,15,25,25,25
04D10H002-04D10H048:60,10,60,24
04D12H016-04D12H055:3,25,3,42
04D12H019-04D13H044:10,8,24,8
04D14H042-04D15H052:60,10,60,24
04D14H046-04D15H026:62,33,62,47
04D15H050-04D16H011:30,5,45,5
04D18H006-04D20H045:28,40,40,40
04D18H007-04D22H003:10,8,24,8
04D18H021-04D21H013:45,45,58,45
04D19H047-04D23H014:5,5,5,20
04D20H051-04D21H022:15,10,15,25,25,25
04D22H001-05D00H059:40,30,55,30,55,40
04D22H054-04D22H059:40,30,55,30,55,40
04D23H031-05D01H022:33,20,33,35
05D00H059-05D02H025:20,44,35,44
05D01H043-05D05H012:28,40,40,40
05D02H031-05D02H038:3,25,3,42
05D04H056-05D05H048:5,5,5,20
05D06H009-05D08H032:60,10,60,24
05D10H011-05D14H011:20,44,35,44
05D10H030-05D11H006:60,10,60,24
05D10H037-05D13H020:9,30,20,30
05D12H019-05D13H009:36,12,36,24,48,24
05D12H047-05D15H004:20,44,35,44
05D13H043-05D16H039:15,10,15,25,25,25
05D14H033-05D14H053:30,5,45,5
05D14H049-05D17H023:3,25,3,42
05D15H036-05D18H054:50,15,65,15
05D16H020-05D18H043:50,15,65,15
05D17H004-05D18H017:36,12,36,24,48,24
05D17H034-05D17H039:15,10,15,25,25,25
05D18H043-05D22H025:5,5,5,20
05D19H015-05D21H040:10,8,24,8
05D19H046-05D21H014:62,33,62,47
05D20H002-05D20H039:20,44,35,44
05D22H038-05D22H041:50,15,65,15
05D23H011-05D23H050:5,5,5,20
06D00H022-06D04H006:20,44,35,44
06D00H057-06D02H021:3,25,3,42
06D04H026-06D05H057:36,12,36,24,48,24
06D05H007-06D07H015:62,33,62,47
06D05H014-06D06H015:28,40,40,40
06D05H038-06D09H036:5,5,5,20
06D07H035-06D08H009:33,20,33,35
06D08H024-06D09H048:3,25,3,42
06D09H039-06D10H032:9,30,20,30
06D10H030-06D12H018:62,33,62,47
06D13H009-06D15H059:28,40,40,40
06D15H035-06D18H042:33,20,33,35
06D17H052-06D18H038:15,10,15,25,25,25
06D18H017-06D19H042:20,44,35,44
06D18H040-06D21H005:40,30,55,30,55,40
06D20H015-06D23H003:50,15,65,15
06D20H023-06D22H012:60,10,60,24
06D21H039-07D00H034:60,10,60,24
06D22H002-07D00H010:5,5,5,20
06D22H029-06D22H054:45,45,58,45
06D23H031-07D00H023:10,8,24,8
07D01H059-07D03H048:9,30,20,30
07D05H030-07D07H028:45,45,58,45
07D07H016-07D10H012:5,5,5,20
07D07H043-07D08H040:15,10,15,25,25,25
07D09H016-07D13H004:62,33,62,47
07D10H004-07D11H003:9,30,20,30
07D10H014-07D10H032:45,45,58,45
07D10H056-07D12H027:20,44,35,44
07D11H034-07D11H036:28,40,40,40
07D13H000-07D15H057:5,5,5,20
07D14H008-07D17H028:50,15,65,15
07D14H009-07D15H016:9,30,20,30
07D15H009-07D15H042:36,12,36,24,48,24
07D15H045-07D18H053:10,8,24,8
07D16H006-07D18H023:36,12,36,24,48,24
07D17H022-07D20H022:5,5,5,20
07D17H026-07D20H003:28,40,40,40
07D17H029-07D19H021:33,20,33,35
07D18H020-07D21H059:62,33,62,47
08D00H029-08D00H049:33,20,33,35
08D01H053-08D04H047:28,40,40,40
08D02H029-08D04H027:40,30,55,30,55,40
08D02H030-08D03H027:30,5,45,5
08D03H048-08D05H035:36,12,36,24,48,24
08D04H004-08D05H034:30,5,45,5
08D07H041-08D10H019:15,10,15,25,25,25
08D09H024-08D12H048:45,45,58,45
08D10H030-08D10H048:60,10,60,24
08D11H031-08D12H018:40,30,55,30,55,40
08D11H049-08D14H009:62,33,62,47
08D12H009-08D16H004:10,8,24,8
08D14H043-08D16H044:50,15,65,15
08D17H048-08D21H047:33,20,33,35
08D19H022-08D20H016:36,12,36,24,48,24
08D22H005-08D22H058:62,33,62,47
08D22H005-09D01H013:50,15,65,15
08D23H019-09D00H007:60,10,60,24
09D01H051-09D05H028:33,20,33,35
09D03H018-09D06H040:9,30,20,30
09D03H034-09D05H039:9,30,20,30
09D07H051-09D08H020:28,40,40,40
09D08H030-09D10H019:60,10,60,24
09D12H007-09D15H020:20,44,35,44
09D13H009-09D15H010:5,5,5,20
09D16H013-09D19H055:3,25,3,42
09D17H027-09D20H017:20,44,35,44
09D18H021-09D18H052:33,20,33,35
09D18H039-09D20H055:30,5,45,5
09D23H000-10D01H023:45,45,58,45
09D23H049-10D01H031:62,33,62,47
10D00H039-10D02H048:33,20,33,35
10D00H041-10D04H021:5,5,5,20
10D01H039-10D02H043:60,10,60,24
10D02H035-10D03H034:33,20,33,35
10D02H045-10D03H004:36,12,36,24,48,24
10D05H046-10D09H022:20,44,35,44
10D06H032-10D08H056:36,12,36,24,48,24
10D08H039-10D10H039:10,8,24,8
10D10H050-10D11H020:62,33,62,47
10D11H002-10D14H018:36,12,36,24,48,24
10D12H044-10D13H059:60,10,60,24
10D14H013-10D15H013:60,10,60,24
10D14H041-10D15H057:5,5,5,20
10D15H050-10D18H045:50,15,65,15
10D16H047-10D19H059:36,12,36,24,48,24
10D18H033-10D19H035:60,10,60,24
10D18H041-10D19H031:36,12,36,24,48,24
10D19H031-10D21H041:5,5,5,20
10D21H031-11D00H054:40,30,55,30,55,40
10D23H031-11D01H031:40,30,55,30,55,40
10D23H047-11D03H013:40,30,55,30,55,40
11D00H029-11D00H045:20,44,35,44
11D01H030-11D04H045:15,10,15,25,25,25
11D03H000-11D06H051:50,15,65,15
11D04H056-11D05H037:33,20,33,35
11D10H032-11D11H034:20,44,35,44
11D10H039-11D11H008:15,10,15,25,25,25
11D12H017-11D13H045:45,45,58,45
11D13H004-11D16H016:30,5,45,5
11D14H008-11D15H029:20,44,35,44
11D17H032-11D21H003:36,12,36,24,48,24
11D18H022-11D21H035:15,10,15,25,25,25
11D19H002-11D19H029:33,20,33,35
11D19H003-11D22H011:33,20,33,35
11D19H036-11D20H013:20,44,35,44
11D19H038-11D20H043:20,44,35,44
11D21H032-11D22H018:30,5,45,5
11D22H049-12D00H041:20,44,35,44
12D00H014-12D00H020:36,12,36,24,48,24
12D01H005-12D03H051:33,20,33,35
12D01H050-12D04H004:9,30,20,30
12D02H007-12D04H033:9,30,20,30
12D04H004-12D04H041:36,12,36,24,48,24
12D08H014-12D08H051:33,20,33,35
12D09H003-12D09H010:50,15,65,15
12D12H057-12D13H010:36,12,36,24,48,24
12D13H005-12D13H009:30,5,45,5
12D16H046-12D19H010:15,10,15,25,25,25
12D17H009-12D18H029:60,10,60,24
12D22H020-13D01H014:62,33,62,47
12D23H006-13D01H008:3,25,3,42
13D02H002-13D04H039:10,8,24,8
13D02H014-13D03H041:10,8,24,8
13D02H039-13D04H051:45,45,58,45
13D02H045-13D06H004:20,44,35,44
13D05H040-13D09H032:3,25,3,42
13D07H036-13D11H012:15,10,15,25,25,25
13D07H040-13D09H039:50,15,65,15
13D07H046-13D08H020:62,33,62,47
13D11H005-13D14H025:33,20,33,35
13D13H034-13D14H054:10,8,24,8
13D13H057-13D17H028:50,15,65,15
13D14H005-13D16H037:60,10,60,24
13D14H028-13D17H020:10,8,24,8
13D15H004-13D16H043:10,8,24,8
13D18H054-13D22H024:62,33,62,47
13D19H020-13D20H043:30,5,45,5
13D23H002-14D01H027:60,10,60,24
14D00H058-14D04H011:10,8,24,8
14D01H030-14D02H035:60,10,60,24
14D01H045-14D05H021:60,10,60,24
14D02H000-14D05H048:5,5,5,20
14D04H054-14D04H055:33,20,33,35
14D06H003-14D06H029:30,5,45,5
14D06H021-14D08H011:3,25,3,42
14D06H055-14D10H041:5,5,5,20
14D07H056-14D08H025:15,10,15,25,25,25
14D08H039-14D09H013:36,12,36,24,48,24
14D10H045-14D13H017:50,15,65,15
14D11H029-14D15H027:62,33,62,47
14D13H006-14D15H006:50,15,65,15
14D13H059-14D14H034:5,5,5,20
14D14H007-14D17H050:9,30,20,30
14D14H044-14D16H036:60,10,60,24
14D16H059-14D18H047:40,30,55,30,55,40
14D17H022-14D17H045:20,44,35,44
14D19H032-14D22H055:33,20,33,35
14D19H044-14D21H023:50,15,65,15
14D22H029-14D22H054:33,20,33,35
14D22H059-15D00H042:62,33,62,47
14D22H059-15D00H058:36,12,36,24,48,24
14D23H010-14D23H019:28,40,40,40
15D01H049-15D01H056:30,5,45,5
15D02H036-15D03H009:36,12,36,24,48,24
15D03H048-15D05H030:3,25,3,42
15D03H055-15D07H008:50,15,65,15
15D05H032-15D06H038:50,15,65,15
15D06H031-15D09H030:36,12,36,24,48,24
15D08H013-15D10H017:20,44,35,44
15D09H018-15D09H040:5,5,5,20
15D10H034-15D13H045:50,15,65,15
15D11H000-15D11H014:33,20,33,35
15D11H047-15D15H042:40,30,55,30,55,40
15D11H047-15D15H047:20,44,35,44
15D12H051-15D14H010:3,25,3,42
15D13H052-15D13H059:45,45,58,45
15D14H003-15D14H042:9,30,20,30
15D14H010-15D14H042:30,5,45,5
15D16H053-15D19H039:60,10,60,24
15D18H032-15D20H005:45,45,58,45
15D19H057-15D20H026:36,12,36,24,48,24
15D21H025-15D21H059:10,8,24,8
15D22H038-16D01H037:5,5,5,20
15D22H041-16D01H014:60,10,60,24
16D00H038-16D01H040:36,12,36,24,48,24
16D00H041-16D04H030:3,25,3,42
16D01H029-16D02H031:28,40,40,40
16D07H048-16D08H012:62,33,62,47
16D07H052-16D11H030:36,12,36,24,48,24
16D09H047-16D11H042:28,40,40,40
16D10H015-16D10H043:5,5,5,20
16D12H011-16D14H013:20,44,35,44
16D14H018-16D17H018:60,10,60,24
16D14H027-16D16H056:45,45,58,45
16D14H028-16D17H022:30,5,45,5
16D14H059-16D17H046:30,5,45,5
16D15H050-16D19H029:36,12,36,24,48,24
16D16H011-16D16H054:50,15,65,15
16D16H012-16D17H057:5,5,5,20
16D16H053-16D17H011:40,30,55,30,55,40
16D18H020-16D18H026:62,33,62,47
16D19H019-16D21H036:40,30,55,30,55,40
16D19H027-16D23H021:36,12,36,24,48,24
16D21H014-17D01H008:30,5,45,5
16D22H013-16D22H021:9,30,20,30
16D23H012-17D03H009:28,40,40,40
16D23H016-17D01H038:45,45,58,45
16D23H033-17D00H036:3,25,3,42
17D01H006-17D04H005:5,5,5,20
17D05H007-17D06H048:3,25,3,42
17D05H029-17D07H026:60,10,60,24
17D05H054-17D08H016:40,30,55,30,55,40
17D06H019-17D06H047:15,10,15,25,25,25
17D06H051-17D09H019:50,15,65,15
17D07H024-17D09H017:28,40,40,40
17D10H029-17D14H009:20,44,35,44
17D15H012-17D15H025:10,8,24,8
17D16H049-17D19H051:45,45,58,45
17D16H059-17D19H040:15,10,15,25,25,25
17D17H017-17D20H029:36,12,36,24,48,24
17D18H028-17D18H044:28,40,40,40
17D18H055-17D19H030:9,30,20,30
17D20H002-17D22H043:3,25,3,42
17D22H038-17D23H019:33,20,33,35
17D22H056-17D23H005:9,30,20,30
18D02H011-18D03H035:62,33,62,47
18D03H037-18D05H035:5,5,5,20
18D03H041-18D06H057:5,5,5,20
18D03H042-18D04H020:30,5,45,5
18D05H043-18D08H045:62,33,62,47
18D05H046-18D08H042:5,5,5,20
18D05H052-18D08H006:20,44,35,44
18D06H002-18D08H003:10,8,24,8
18D07H056-18D11H005:15,10,15,25,25,25
18D08H050-18D11H009:20,44,35,44
18D10H050-18D11H031:10,8,24,8
18D13H053-18D17H053:5,5,5,20
18D17H049-18D20H039:3,25,3,42
18D17H053-18D18H036:15,10,15,25,25,25
18D18H000-18D20H032:5,5,5,20
18D20H030-18D22H003:28,40,40,40
18D20H038-19D00H031:15,10,15,25,25,25
18D23H052-19D01H027:9,30,20,30
19D00H025-19D03H049:9,30,20,30
19D00H037-19D01H040:3,25,3,42
19D00H059-19D02H026:33,20,33,35
19D01H009-19D02H023:5,5,5,20
19D02H005-19D04H042:15,10,15,25,25,25
19D04H024-19D05H018:28,40,40,40
19D04H039-19D07H025:30,5,45,5
19D05H036-19D09H001:20,44,35,44
19D05H046-19D06H032:15,10,15,25,25,25
19D07H039-19D09H032:33,20,33,35
19D07H050-19D08H004:10,8,24,8
19D08H018-19D09H000:40,30,55,30,55,40
19D10H051-19D14H002:28,40,40,40
19D11H036-19D13H028:30,5,45,5
19D14H009-19D17H002:45,45,58,45
19D16H016-19D20H000:40,30,55,30,55,40
19D17H016-19D18H001:45,45,58,45
19D17H016-19D18H030:60,10,60,24
19D17H051-19D17H057:36,12,36,24,48,24
19D20H001-19D22H011:15,10,15,25,25,25
19D20H006-19D22H028:20,44,35,44
19D20H011-19D20H055:3,25,3,42
19D20H032-19D20H055:62,33,62,47
19D20H056-19D22H036:5,5,5,20
19D21H033-19D22H058:28,40,40,40
20D01H005-20D04H011:50,15,65,15
20D01H022-20D01H025:33,20,33,35
20D05H022-20D06H024:10,8,24,8
20D09H004-20D10H034:33,20,33,35
20D10H004-20D11H018:33,20,33,35
20D10H049-20D13H032:28,40,40,40
20D11H018-20D12H024:3,25,3,42
20D11H026-20D11H033:62,33,62,47
20D11H040-20D12H047:5,5,5,20
20D12H016-20D13H048:28,40,40,40
20D12H022-20D12H037:62,33,62,47
20D13H036-20D14H014:3,25,3,42
20D17H004-20D18H001:9,30,20,30
20D17H009-20D17H022:33,20,33,35
20D17H049-20D20H058:5,5,5,20
20D18H043-20D20H028:20,44,35,44
20D18H058-20D19H034:40,30,55,30,55,40
20D20H018-20D23H025:36,12,36,24,48,24
20D21H057-20D22H026:20,44,35,44
20D22H057-21D02H041:9,30,20,30
20D23H008-21D01H035:40,30,55,30,55,40
20D23H020-21D00H057:36,12,36,24,48,24
21D03H009-21D05H051:9,30,20,30
21D03H042-21D04H006:9,30,20,30
21D05H030-21D07H057:33,20,33,35
21D07H006-21D10H041:40,30,55,30,55,40
21D07H033-21D07H046:33,20,33,35
21D09H002-21D09H059:50,15,65,15
21D09H011-21D10H039:20,44,35,44
21D10H008-21D10H049:33,20,33,35
21D13H047-21D14H009:50,15,65,15
21D14H009-21D16H004:5,5,5,20
21D17H026-21D18H046:15,10,15,25,25,25
21D17H045-21D18H040:3,25,3,42
21D18H031-21D19H020:62,33,62,47
21D20H049-21D23H006:20,44,35,44
21D22H041-22D02H031:9,30,20,30
22D01H059-22D02H045:60,10,60,24
22D03H006-22D06H052:3,25,3,42
22D03H058-22D07H043:20,44,35,44
22D07H017-22D10H021:10,8,24,8
22D07H036-22D09H018:28,40,40,40
22D08H025-22D11H014:5,5,5,20
22D10H045-22D12H049:45,45,58,45
22D11H049-22D12H058:30,5,45,5
22D13H009-22D14H035:15,10,15,25,25,25
22D14H005-22D17H028:30,5,45,5
22D15H003-22D17H059:9,30,20,30
22D16H004-22D19H056:62,33,62,47
22D16H014-22D16H027:62,33,62,47
22D20H058-22D21H044:20,44,35,44
22D21H010-22D23H038:33,20,33,35
22D21H022-22D22H013:15,10,15,25,25,25
22D22H012-23D01H008:60,10,60,24
22D23H018-23D01H021:50,15,65,15
22D23H035-23D03H024:20,44,35,44
23D00H006-23D02H049:5,5,5,20
23D00H020-23D03H059:10,8,24,8
23D00H038-23D00H055:40,30,55,30,55,40
23D00H053-23D04H043:36,12,36,24,48,24
23D00H056-23D01H038:3,25,3,42
23D01H020-23D04H031:10,8,24,8
23D01H049-23D04H046:30,5,45,5
23D02H046-23D03H055:28,40,40,40
23D07H021-23D11H009:5,5,5,20
23D11H036-23D11H057:28,40,40,40
23D11H037-23D14H048:10,8,24,8
23D12H003-23D12H045:10,8,24,8
23D13H023-23D14H000:20,44,35,44
23D13H048-23D16H033:28,40,40,40
23D16H013-23D19H029:5,5,5,20
23D16H047-23D20H028:28,40,40,40
23D19H008-23D22H055:62,33,62,47
23D20H007-23D22H020:10,8,24,8
23D22H048-24D02H041:60,10,60,24
23D22H052-23D23H055:30,5,45,5
23D22H058-24D01H039:5,5,5,20
23D23H057-24D03H029:5,5,5,20
23D23H057-24D03H051:50,15,65,15
24D02H055-24D06H054:36,12,36,24,48,24
24D05H019-24D06H023:50,15,65,15
24D05H049-24D06H049:36,12,36,24,48,24
24D05H052-24D06H013:15,10,15,25,25,25
24D06H004-24D08H042:20,44,35,44
24D07H030-24D09H001:62,33,62,47
24D07H041-24D07H049:40,30,55,30,55,40
24D08H032-24D12H016:36,12,36,24,48,24
24D09H028-24D12H040:10,8,24,8
24D10H001-24D12H021:45,45,58,45
24D10H007-24D11H026:33,20,33,35
24D13H040-24D16H011:36,12,36,24,48,24
24D15H004-24D16H029:10,8,24,8
24D17H009-24D19H015:40,30,55,30,55,40
24D18H040-24D21H020:50,15,65,15
24D18H053-24D22H007:40,30,55,30,55,40
24D21H005-24D23H026:45,45,58,45
24D21H009-24D22H047:33,20,33,35
24D22H055-25D01H029:33,20,33,35
24D23H049-25D02H018:15,10,15,25,25,25
25D00H016-25D04H000:60,10,60,24
25D01H059-25D03H047:28,40,40,40
25D02H010-25D04H040:33,20,33,35
25D03H040-25D05H040:9,30,20,30
25D04H038-25D08H003:40,30,55,30,55,40
25D05H027-25D06H025:62,33,62,47
25D05H059-25D06H035:62,33,62,47
25D07H001-25D09H045:10,8,24,8
25D07H012-25D07H013:20,44,35,44
25D07H020-25D10H008:62,33,62,47
25D07H037-25D07H041:15,10,15,25,25,25
25D09H048-25D12H056:5,5,5,20
25D10H014-25D12H038:40,30,55,30,55,40
25D10H021-25D13H028:5,5,5,20
25D11H033-25D14H050:62,33,62,47
25D13H017-25D14H042:15,10,15,25,25,25
25D14H042-25D18H005:36,12,36,24,48,24
25D15H049-25D17H038:36,12,36,24,48,24
25D17H000-25D20H057:45,45,58,45
25D17H047-25D20H013:28,40,40,40
25D17H059-25D21H008:33,20,33,35
25D20H018-25D21H031:28,40,40,40
25D21H018-25D22H026:60,10,60,24
25D22H042-25D23H035:3,25,3,42
25D23H050-26D00H003:5,5,5,20
26D01H045-26D04H042:50,15,65,15
26D03H016-26D05H000:20,44,35,44
26D04H026-26D07H005:28,40,40,40
26D08H016-26D12H008:50,15,65,15
26D08H022-26D09H059:62,33,62,47
26D10H059-26D11H043:10,8,24,8
26D11H055-26D12H042:45,45,58,45
26D12H052-26D14H042:62,33,62,47
26D14H023-26D16H034:36,12,36,24,48,24
26D15H013-26D18H029:15,10,15,25,25,25
26D15H016-26D15H058:36,12,36,24,48,24
26D17H000-26D20H057:9,30,20,30
26D18H043-26D19H034:30,5,45,5
26D19H008-26D20H005:30,5,45,5
26D19H048-26D22H011:30,5,45,5
26D20H043-26D22H006:30,5,45,5
26D22H030-27D01H031:10,8,24,8
26D22H038-27D02H008:5,5,5,20
26D23H016-27D00H040:33,20,33,35
26D23H028-27D01H042:5,5,5,20
27D00H021-27D03H002:60,10,60,24
27D03H051-27D06H018:20,44,35,44
27D05H036-27D05H037:36,12,36,24,48,24
27D07H028-27D10H022:36,12,36,24,48,24
27D08H006-27D11H037:50,15,65,15
27D08H059-27D10H008:62,33,62,47
27D09H023-27D09H039:30,5,45,5
27D12H005-27D13H032:33,20,33,35
27D12H007-27D13H014:28,40,40,40
27D12H010-27D15H026:15,10,15,25,25,25
27D12H032-27D13H007:9,30,20,30
27D13H035-27D13H039:45,45,58,45
27D14H032-27D16H028:40,30,55,30,55,40
27D14H053-27D16H046:33,20,33,35
27D15H017-27D15H056:9,30,20,30
27D16H055-27D18H009:15,10,15,25,25,25
27D17H025-27D19H017:3,25,3,42
27D19H024-27D22H040:28,40,40,40
27D19H040-27D23H000:20,44,35,44
27D19H042-27D22H048:28,40,40,40
27D19H042-27D23H027:40,30,55,30,55,40
27D19H043-27D19H054:60,10,60,24
27D20H003-27D23H029:50,15,65,15
27D21H009-27D21H019:30,5,45,5
27D22H004-27D23H054:5,5,5,20
27D23H015-28D02H007:30,5,45,5
28D00H033-28D03H013:30,5,45,5
28D01H005-28D03H043:15,10,15,25,25,25
28D07H014-28D09H037:60,10,60,24
28D07H020-28D08H023:40,30,55,30,55,40
28D07H046-28D11H008:33,20,33,35
28D08H022-28D09H034:33,20,33,35
28D08H028-28D08H036:15,10,15,25,25,25
28D09H009-28D11H018:50,15,65,15
28D12H014-28D14H027:36,12,36,24,48,24
28D12H041-28D13H014:10,8,24,8
28D14H013-28D16H050:5,5,5,20
28D14H042-28D16H049:50,15,65,15
28D14H046-28D18H027:28,40,40,40
28D16H003-28D17H017:30,5,45,5
28D16H012-28D16H033:20,44,35,44
28D16H036-28D19H048:20,44,35,44
28D21H021-28D23H048:30,5,45,5
28D21H031-29D01H002:15,10,15,25,25,25
28D23H027-29D02H047:5,5,5,20
29D03H031-29D04H002:20,44,35,44
29D04H052-29D05H041:3,25,3,42
29D05H020-29D06H052:60,10,60,24
29D05H029-29D07H015:62,33,62,47
29D06H051-29D07H031:10,8,24,8
29D07H048-29D09H029:50,15,65,15
29D11H046-29D12H004:3,25,3,42
29D11H047-29D15H012:3,25,3,42
29D14H038-29D17H045:50,15,65,15
29D15H012-29D17H048:50,15,65,15
29D18H049-29D21H019:62,33,62,47
29D20H032-29D21H003:60,10,60,24
29D23H018-30D01H030:62,33,62,47
30D01H043-30D03H053:28,40,40,40
30D04H033-30D08H006:10,8,24,8
30D06H012-30D08H051:33,20,33,35
30D07H022-30D07H031:62,33,62,47
30D10H005-30D14H005:20,44,35,44
30D12H007-30D14H049:33,20,33,35
30D14H041-30D15H040:62,33,62,47
30D16H058-30D20H043:62,33,62,47
30D18H007-30D20H019:30,5,45,5
30D19H013-30D21H049:50,15,65,15
30D20H030-30D22H039:62,33,62,47
30D20H030-31D00H030:28,40,40,40
30D21H038-30D21H056:45,45,58,45
31D00H059-31D01H029:28,40,40,40
31D03H020-31D04H003:45,45,58,45
31D05H001-31D06H058:60,10,60,24
31D08H032-31D10H041:3,25,3,42
31D08H054-31D09H026:30,5,45,5
31D11H016-31D13H041:28,40,40,40
31D14H035-31D14H036:9,30,20,30
31D14H056-31D17H023:36,12,36,24,48,24
31D17H019-31D20H013:60,10,60,24
31D17H053-31D18H014:30,5,45,5
31D18H053-31D21H046:15,10,15,25,25,25
31D20H002-31D21H035:5,5,5,20
31D22H050-31D23H059:60,10,60,24
31D23H030-31D23H059:45,45,58,45
