01D00H038-01D00H040:5,5,5,20
01D01H040-01D03H013:30,5,45,5
01D01H045-01D02H037:40,30,55,30,55,40
01D02H055-01D03H038:33,20,33,35
01D03H005-01D06H030:60,10,60,24
01D06H020-01D10H003:30,5,45,5
01D06H032-01D06H059:45,45,58,45
01D07H036-01D07H042:5,5,5,20
01D08H025-01D12H020:62,33,62,47
01D08H026-01D08H058:50,15,65,15
01D09H038-01D11H002:3,25,3,42
01D10H026-01D12H038:60,10,60,24
01D13H019-01D17H011:33,20,33,35
01D14H003-01D17H020:50,15,65,15
01D16H040-01D18H018:60,10,60,24
01D18H049-01D19H050:36,12,36,24,48,24
01D19H053-01D21H038:30,5,45,5
01D21H053-01D23H030:45,45,58,45
01D22H012-01D23H024:62,33,62,47
01D23H020-02D01H025:5,5,5,20
02D00H031-02D01H019:9,30,20,30
02D00H046-02D04H026:60,10,60,24
02D01H044-02D04H024:50,15,65,15
02D02H021-02D04H000:28,40,40,40
02D02H028-02D02H043:20,44,35,44
02D02H035-02D05H007:45,45,58,45
02D03H030-02D06H025:20,44,35,44
02D05H001-02D06H026:45,45,58,45
02D05H033-02D07H039:62,33,62,47
02D07H003-02D09H034:5,5,5,20
02D08H012-02D11H043:28,40,40,40
02D09H026-02D10H026:15,10,15,25,25,25
02D10H001-02D11H045:30,5,45,5
02D10H022-02D13H059:15,10,15,25,25,25
02D14H007-02D14H052:10,8,24,8
02D15H029-02D19H017:30,5,45,5
02D15H044-02D16H042:9,30,20,30
02D15H059-02D18H047:10,8,24,8
02D16H025-02D17H055:33,20,33,35
02D20H008-02D22H035:40,30,55,30,55,40
02D20H018-02D22H049:62,33,62,47
02D21H035-02D21H050:36,12,36,24,48,24
02D22H028-03D01H045:15,10,15,25,25,25
03D00H020-03D02H015:62,33,62,47
03D00H059-03D01H048:40,30,55,30,55,40
03D01H009-03D02H045:10,8,24,8
03D01H026-03D04H024:45,45,58,45
03D02H037-03D05H029:3,25,3,42
03D02H039-03D05H015:60,10,60,24
03D03H048-03D04H023:45,45,58,45
03D04H023-03D07H057:5,5,5,20
03D04H040-03D06H005:5,5,5,20
03D07H013-03D08H048:5,5,5,20
03D10H045-03D12H040:36,12,36,24,48,24
03D16H047-03D19H035:28,40,40,40
03D18H046-03D19H058:62,33,62,47
03D19H010-03D19H047:15,10,15,25,25,25
03D19H013-03D21H026:60,10,60,24
03D20H000-03D21H048:33,20,33,35
03D20H021-03D21H049:15,10,15,25,25,25
03D20H054-03D23H019:9,30,20,30
03D21H040-04D00H018:40,30,55,30,55,40
03D23H021-04D02H014:20,44,35,44
04D01H056-04D05H016:10,8,24,8
04D02H041-04D04H011:33,20,33,35
04D04H027-04D06H005:30,5,45,5
04D04H048-04D05H001:36,12,36,24,48,24
04D04H051-04D08H040:50,15,65,15
04D05H040-04D09H026:62,33,62,47
04D09H011-04D10H012:33,20,33,35
04D09H031-04D12H018:40,30,55,30,55,40
04D10H052-04D10H058:30,5,45,5
04D12H005-04D13H025:20,44,35,44
04D12H032-04D16H013:50,15,65,15
04D15H025-04D16H051:10,8,24,8
04D16H004-04D18H013:20,44,35,44
04D17H021-04D21H015:36,12,36,24,48,24
04D20H017-04D23H041:20,44,35,44
04D21H048-04D23H056:33,20,33,35
04D22H038-04D23H037:36,12,36,24,48,24
04D23H024-04D23H053:45,45,58,45
04D23H039-05D03H039:45,45,58,45
05D02H011-05D02H040:50,15,65,15
05D02H035-05D03H014:3,25,3,42
05D02H045-05D05H011:50,15,65,15
05D03H017-05D07H002:40,30,55,30,55,40
05D03H041-05D03H042:50,15,65,15
05D04H003-05D06H045:60,10,60,24
05D04H020-05D05H014:28,40,40,40
05D05H015-05D06H009:28,40,40,40
05D07H004-05D08H059:3,25,3,42
05D08H011-05D08H044:28,40,40,40
05D08H030-05D11H052:20,44,35,44
05D10H014-05D10H050:5,5,5,20
05D11H029-05D12H019:30,5,45,5
05D11H047-05D14H013:9,30,20,30
05D14H007-05D15H054:60,10,60,24
05D14H051-05D15H056:33,20,33,35
05D17H009-05D19H006:5,5,5,20
05D19H045-05D23H019:15,10,15,25,25,25
05D21H007-05D23H021:60,10,60,24
05D21H021-05D22H022:9,30,20,30
05D21H022-06D00H028:60,10,60,24
05D22H010-05D22H024:30,5,45,5
06D00H044-06D01H059:10,8,24,8
06D01H028-06D01H039:9,30,20,30
06D01H059-06D03H007:9,30,20,30
06D02H016-06D03H050:45,45,58,45
06D02H057-06D06H020:9,30,20,30
06D04H037-06D07H055:45,45,58,45
06D05H017-06D07H059:28,40,40,40
06D05H053-06D06H058:30,5,45,5
06D06H025-06D07H054:20,44,35,44
06D06H028-06D07H007:15,10,15,25,25,25
06D09H029-06D10H016:45,45,58,45
06D10H004-06D11H058:10,8,24,8
06D11H054-06D14H046:45,45,58,45
06D12H029-06D12H045:50,15,65,15
06D12H032-06D13H052:20,44,35,44
06D12H042-06D13H059:40,30,55,30,55,40
06D14H048-06D17H018:45,45,58,45
06D15H052-06D19H048:62,33,62,47
06D18H052-06D22H015:45,45,58,45
06D20H052-07D00H000:20,44,35,44
06D22H014-06D23H014:40,30,55,30,55,40
07D04H057-07D07H024:10,8,24,8
07D06H002-07D08H025:45,45,58,45
07D06H005-07D06H014:10,8,24,8
07D06H025-07D07H009:15,10,15,25,25,25
07D09H043-07D12H045:5,5,5,20
07D09H044-07D13H031:62,33,62,47
07D10H026-07D14H014:5,5,5,20
07D10H038-07D14H020:3,25,3,42
07D11H056-07D14H038:50,15,65,15
07D12H051-07D14H020:36,12,36,24,48,24
07D13H019-07D16H041:62,33,62,47
07D14H015-07D17H033:45,45,58,45
07D14H024-07D15H034:3,25,3,42
07D15H028-07D15H049:33,20,33,35
07D17H016-07D20H050:5,5,5,20
07D20H008-07D22H011:50,15,65,15
07D21H052-07D22H049:10,8,24,8
07D23H020-08D00H046:45,45,58,45
08D00H029-08D01H016:30,5,45,5
08D01H004-08D03H006:3,25,3,42
08D02H010-08D02H038:5,5,5,20
08D02H045-08D05H024:3,25,3,42
08D03H028-08D03H031:45,45,58,45
08D03H047-08D06H015:60,10,60,24
08D05H018-08D07H015:5,5,5,20
08D05H046-08D06H012:9,30,20,30
08D06H007-08D08H049:3,25,3,42
08D06H029-08D09H018:60,10,60,24
08D07H046-08D09H001:33,20,33,35
08D08H039-08D10H055:33,20,33,35
08D08H052-08D09H009:5,5,5,20
08D10H027-08D11H020:3,25,3,42
08D12H029-08D13H021:28,40,40,40
08D14H035-08D16H057:36,12,36,24,48,24
08D16H036-08D18H059:36,12,36,24,48,24
08D16H039-08D19H018:9,30,20,30
08D22H033-09D00H026:40,30,55,30,55,40
08D22H053-09D02H045:28,40,40,40
08D22H056-09D02H007:60,10,60,24
09D01H031-09D04H059:5,5,5,20
09D02H021-09D02H036:50,15,65,15
09D03H002-09D03H055:36,12,36,24,48,24
09D06H004-09D08H003:36,12,36,24,48,24
09D06H019-09D07H053:28,40,40,40
09D08H026-09D11H000:60,10,60,24
09D08H050-09D10H053:20,44,35,44
09D09H030-09D12H039:50,15,65,15
09D12H003-09D12H044:40,30,55,30,55,40
09D15H057-09D17H026:62,33,62,47
09D18H006-09D21H012:30,5,45,5
09D18H035-09D18H054:33,20,33,35
09D20H044-09D21H030:15,10,15,25,25,25
09D21H014-09D21H029:50,15,65,15
09D21H023-09D21H032:28,40,40,40
09D23H056-10D01H028:15,10,15,25,25,25
10D00H023-10D04H000:50,15,65,15
10D03H040-10D06H038:15,10,15,25,25,25
10D03H053-10D05H000:33,20,33,35
10D09H029-10D10H049:20,44,35,44
10D11H059-10D13H028:62,33,62,47
10D13H032-10D13H052:45,45,58,45
10D14H053-10D14H059:5,5,5,20
10D16H034-10D19H043:5,5,5,20
10D20H029-10D22H042:60,10,60,24
10D21H051-11D00H044:45,45,58,45
10D21H053-10D21H057:20,44,35,44
10D23H002-11D00H058:9,30,20,30
10D23H053-11D00H021:15,10,15,25,25,25
11D02H034-11D02H052:33,20,33,35
11D02H048-11D03H028:62,33,62,47
11D05H009-11D06H020:62,33,62,47
11D06H031-11D10H002:60,10,60,24
11D09H007-11D11H013:62,33,62,47
11D09H049-11D11H045:20,44,35,44
11D11H004-11D11H043:15,10,15,25,25,25
11D11H052-11D13H058:62,33,62,47
11D12H013-11D14H015:5,5,5,20
11D12H045-11D12H056:40,30,55,30,55,40
11D12H056-11D15H028:60,10,60,24
11D12H056-11D16H031:3,25,3,42
11D13H043-11D16H055:30,5,45,5
11D14H006-11D17H014:33,20,33,35
11D14H032-11D15H056:60,10,60,24
11D14H056-11D18H010:33,20,33,35
11D15H003-11D18H025:9,30,20,30
11D15H004-11D18H032:5,5,5,20
11D16H047-11D18H019:30,5,45,5
11D17H017-11D20H037:3,25,3,42
11D17H025-11D20H033:60,10,60,24
11D18H018-11D20H012:50,15,65,15
11D19H020-11D22H004:30,5,45,5
11D20H051-11D21H046:28,40,40,40
11D23H033-12D01H052:28,40,40,40
12D00H059-12D03H022:45,45,58,45
12D03H028-12D04H017:5,5,5,20
12D03H034-12D04H040:40,30,55,30,55,40
12D04H015-12D05H054:28,40,40,40
12D07H009-12D09H054:45,45,58,45
12D11H020-12D12H015:10,8,24,8
12D11H031-12D12H056:9,30,20,30
12D13H019-12D14H008:45,45,58,45
12D13H037-12D15H008:40,30,55,30,55,40
12D14H022-12D18H016:36,12,36,24,48,24
12D14H029-12D17H003:33,20,33,35
12D15H024-12D17H028:45,45,58,45
12D15H057-12D18H001:62,33,62,47
12D16H024-12D17H029:33,20,33,35
12D18H005-12D21H049:36,12,36,24,48,24
12D19H055-12D23H040:10,8,24,8
12D23H029-13D03H005:62,33,62,47
12D23H036-13D01H034:10,8,24,8
13D02H013-13D04H029:40,30,55,30,55,40
13D04H019-13D07H032:50,15,65,15
13D04H040-13D07H015:36,12,36,24,48,24
13D05H043-13D07H045:40,30,55,30,55,40
13D06H015-13D08H048:9,30,20,30
13D07H049-13D11H033:5,5,5,20
13D07H050-13D08H045:9,30,20,30
13D09H000-13D09H056:9,30,20,30
13D10H040-13D12H003:36,12,36,24,48,24
13D13H001-13D14H036:15,10,15,25,25,25
13D16H025-13D17H010:3,25,3,42
13D17H009-13D21H008:50,15,65,15
13D17H013-13D17H020:15,10,15,25,25,25
13D17H034-13D19H034:36,12,36,24,48,24
13D18H038-13D21H051:28,40,40,40
13D19H034-13D21H021:5,5,5,20
13D20H013-13D23H023:60,10,60,24
13D22H044-14D02H022:15,10,15,25,25,25
13D22H058-14D00H031:45,45,58,45
14D00H025-14D02H030:5,5,5,20
14D00H056-14D04H049:30,5,45,5
14D03H030-14D04H040:15,10,15,25,25,25
14D03H035-14D05H040:3,25,3,42
14D04H048-14D07H058:62,33,62,47
14D05H058-14D09H003:50,15,65,15
14D08H051-14D09H047:45,45,58,45
14D10H001-14D12H018:28,40,40,40
14D10H001-14D12H026:62,33,62,47
14D10H027-14D12H027:50,15,65,15
14D11H037-14D15H010:62,33,62,47
14D16H036-14D19H005:33,20,33,35
14D16H050-14D19H056:15,10,15,25,25,25
14D18H008-14D22H003:3,25,3,42
14D18H028-14D20H016:20,44,35,44
14D19H001-14D22H012:10,8,24,8
14D20H016-14D23H005:3,25,3,42
14D21H053-15D01H042:45,45,58,45
14D22H007-15D01H035:62,33,62,47
15D00H008-15D02H052:45,45,58,45
15D00H023-15D01H042:50,15,65,15
15D02H039-15D04H042:50,15,65,15
15D03H025-15D04H011:9,30,20,30
15D03H050-15D05H039:20,44,35,44
15D05H049-15D05H053:33,20,33,35
15D07H054-15D08H038:40,30,55,30,55,40
15D08H006-15D09H016:60,10,60,24
15D10H009-15D13H036:60,10,60,24
15D11H030-15D14H015:33,20,33,35
15D12H055-15D14H002:36,12,36,24,48,24
15D15H007-15D17H040:15,10,15,25,25,25
15D16H027-15D19H029:45,45,58,45
15D16H030-15D19H054:62,33,62,47
15D17H033-15D19H011:33,20,33,35
15D17H043-15D20H036:28,40,40,40
15D19H017-15D23H013:40,30,55,30,55,40
15D19H055-15D22H001:36,12,36,24,48,24
16D00H050-16D04H006:40,30,55,30,55,40
16D00H053-16D01H049:36,12,36,24,48,24
16D02H022-16D03H005:20,44,35,44
16D04H013-16D05H042:28,40,40,40
16D05H051-16D09H017:28,40,40,40
16D06H000-16D08H046:40,30,55,30,55,40
16D06H031-16D10H007:28,40,40,40
16D07H039-16D08H038:36,12,36,24,48,24
16D07H041-16D07H044:20,44,35,44
16D09H020-16D10H058:45,45,58,45
16D09H043-16D12H012:15,10,15,25,25,25
16D10H016-16D14H003:36,12,36,24,48,24
16D12H050-16D15H035:20,44,35,44
16D14H035-16D17H001:9,30,20,30
16D17H048-16D18H010:36,12,36,24,48,24
16D17H053-16D19H051:5,5,5,20
16D18H040-16D20H020:15,10,15,25,25,25
16D18H041-16D21H026:28,40,40,40
16D21H011-16D21H030:36,12,36,24,48,24
16D21H044-16D22H000:28,40,40,40
16D21H046-16D23H033:5,5,5,20
16D21H056-17D01H010:50,15,65,15
16D22H033-17D00H003:30,5,45,5
17D00H045-17D03H026:3,25,3,42
17D00H051-17D04H011:15,10,15,25,25,25
17D03H007-17D05H036:62,33,62,47
17D03H013-17D07H001:10,8,24,8
17D03H039-17D04H014:45,45,58,45
17D05H042-17D06H054:36,12,36,24,48,24
17D07H044-17D11H031:5,5,5,20
17D08H008-17D12H003:36,12,36,24,48,24
17D10H049-17D13H046:45,45,58,45
17D10H051-17D11H047:15,10,15,25,25,25
17D11H007-17D11H030:15,10,15,25,25,25
17D11H009-17D11H029:10,8,24,8
17D11H031-17D13H030:45,45,58,45
17D12H010-17D15H014:33,20,33,35
17D13H031-17D13H039:36,12,36,24,48,24
17D14H002-17D15H052:10,8,24,8
17D14H039-17D15H040:15,10,15,25,25,25
17D15H043-17D18H021:62,33,62,47
17D17H021-17D18H044:28,40,40,40
17D19H018-17D21H033:60,10,60,24
17D21H018-17D22H046:62,33,62,47
17D21H044-17D23H042:3,25,3,42
17D22H057-18D01H019:5,5,5,20
17D23H013-17D23H040:62,33,62,47
17D23H021-17D23H023:5,5,5,20
17D23H040-18D00H011:10,8,24,8
18D00H004-18D03H013:30,5,45,5
18D01H005-18D01H032:28,40,40,40
18D04H038-18D05H009:15,10,15,25,25,25
18D05H020-18D06H020:40,30,55,30,55,40
18D07H042-18D10H008:60,10,60,24
18D08H034-18D11H028:3,25,3,42
18D08H036-18D10H054:5,5,5,20
18D09H026-18D09H043:28,40,40,40
18D11H054-18D12H005:10,8,24,8
18D11H057-18D14H055:28,40,40,40
18D13H002-18D15H032:3,25,3,42
18D14H032-18D14H058:33,20,33,35
18D15H028-18D18H058:62,33,62,47
18D16H026-18D18H028:30,5,45,5
18D16H037-18D17H040:3,25,3,42
18D18H013-18D18H041:15,10,15,25,25,25
18D20H001-18D21H003:10,8,24,8
18D20H030-18D21H044:62,33,62,47
18D20H044-18D20H059:45,45,58,45
18D21H028-18D21H046:36,12,36,24,48,24
18D22H009-18D23H037:30,5,45,5
18D23H017-19D01H040:3,25,3,42
19D00H003-19D03H008:33,20,33,35
19D00H046-19D01H011:15,10,15,25,25,25
19D01H039-19D02H053:3,25,3,42
19D01H046-19D02H020:50,15,65,15
19D02H013-19D04H002:50,15,65,15
19D03H042-19D06H013:10,8,24,8
19D03H044-19D04H024:20,44,35,44
19D05H002-19D05H023:10,8,24,8
19D06H038-19D06H043:9,30,20,30
19D06H056-19D09H059:36,12,36,24,48,24
19D08H057-19D12H042:9,30,20,30
19D10H013-19D12H055:33,20,33,35
19D10H032-19D12H002:28,40,40,40
19D12H036-19D13H031:33,20,33,35
19D13H034-19D17H005:45,45,58,45
19D14H041-19D18H018:15,10,15,25,25,25
19D16H042-19D20H030:28,40,40,40
19D16H045-19D20H012:5,5,5,20
19D20H005-19D22H039:40,30,55,30,55,40
20D00H058-20D02H050:45,45,58,45
20D01H045-20D05H045:50,15,65,15
20D04H041-20D06H029:50,15,65,15
20D05H036-20D07H017:10,8,24,8
20D05H052-20D08H050:36,12,36,24,48,24
20D06H017-20D10H001:10,8,24,8
20D08H057-20D09H041:50,15,65,15
20D12H017-20D14H032:60,10,60,24
20D14H023-20D15H005:3,25,3,42
20D15H046-20D18H032:9,30,20,30
20D16H037-20D20H007:10,8,24,8
20D16H050-20D18H039:33,20,33,35
20D17H017-20D17H051:5,5,5,20
20D18H012-20D19H057:3,25,3,42
20D20H034-20D20H048:30,5,45,5
21D00H029-21D04H015:9,30,20,30
21D02H018-21D03H053:15,10,15,25,25,25
21D08H024-21D09H038:28,40,40,40
21D08H035-21D09H045:45,45,58,45
21D10H001-21D10H015:15,10,15,25,25,25
21D16H008-21D19H027:20,44,35,44
21D16H026-21D19H002:60,10,60,24
21D16H038-21D19H048:40,30,55,30,55,40
21D18H036-21D20H044:30,5,45,5
21D20H047-21D22H037:45,45,58,45
21D22H004-22D00H059:45,45,58,45
21D22H016-22D01H002:62,33,62,47
22D01H028-22D02H042:3,25,3,42
22D02H009-22D02H048:5,5,5,20
22D02H011-22D03H005:5,5,5,20
22D05H057-22D06H006:40,30,55,30,55,40
22D07H042-22D08H045:3,25,3,42
22D08H052-22D11H015:28,40,40,40
22D09H008-22D11H019:60,10,60,24
22D10H031-22D11H015:60,10,60,24
22D12H016-22D16H006:40,30,55,30,55,40
22D12H056-22D16H043:40,30,55,30,55,40
22D13H026-22D13H039:28,40,40,40
22D13H051-22D15H039:60,10,60,24
22D15H020-22D19H006:45,45,58,45
22D16H034-22D19H047:36,12,36,24,48,24
22D16H035-22D16H050:15,10,15,25,25,25
22D16H043-22D19H029:60,10,60,24
22D18H040-22D19H036:50,15,65,15
22D19H052-22D22H052:30,5,45,5
22D20H030-22D22H014:45,45,58,45
22D21H010-22D22H059:28,40,40,40
22D21H050-22D22H034:28,40,40,40
23D01H017-23D01H058:30,5,45,5
23D02H025-23D03H038:10,8,24,8
23D02H038-23D04H019:20,44,35,44
23D03H045-23D05H005:9,30,20,30
23D03H058-23D05H032:40,30,55,30,55,40
23D04H034-23D06H043:3,25,3,42
23D06H003-23D10H001:9,30,20,30
23D06H046-23D10H002:50,15,65,15
23D07H003-23D10H044:15,10,15,25,25,25
23D07H036-23D09H034:36,12,36,24,48,24
23D08H003-23D09H020:30,5,45,5
23D08H040-23D11H005:10,8,24,8
23D08H047-23D11H007:50,15,65,15
23D09H047-23D11H056:9,30,20,30
23D10H030-23D11H051:20,44,35,44
23D10H051-23D14H032:5,5,5,20
23D11H000-23D12H024:60,10,60,24
23D11H001-23D13H008:20,44,35,44
23D11H021-23D14H002:45,45,58,45
23D11H047-23D15H038:62,33,62,47
23D11H051-23D14H002:28,40,40,40
23D12H013-23D15H001:9,30,20,30
23D12H031-23D15H013:9,30,20,30
23D13H003-23D16H029:62,33,62,47
23D13H056-23D16H049:9,30,20,30
23D14H034-23D18H017:9,30,20,30
23D15H006-23D17H051:40,30,55,30,55,40
23D20H018-23D22H019:10,8,24,8
23D21H041-23D22H012:10,8,24,8
23D22H028-24D01H035:10,8,24,8
23D23H001-24D01H013:36,12,36,24,48,24
24D00H015-24D03H013:5,5,5,20
24D00H051-24D04H033:28,40,40,40
24D04H036-24D05H031:20,44,35,44
24D06H035-24D07H043:28,40,40,40
24D09H005-24D12H056:60,10,60,24
24D09H052-24D11H008:9,30,20,30
24D11H059-24D12H042:28,40,40,40
24D13H059-24D16H043:9,30,20,30
24D16H015-24D16H042:62,33,62,47
24D16H027-24D16H040:20,44,35,44
24D16H048-24D19H049:10,8,24,8
24D16H055-24D19H016:45,45,58,45
24D18H004-24D18H012:62,33,62,47
24D19H045-24D20H004:15,10,15,25,25,25
24D19H049-24D21H054:33,20,33,35
24D20H000-24D22H016:9,30,20,30
24D20H017-25D00H015:45,45,58,45
24D20H056-24D23H031:3,25,3,42
24D23H006-25D01H016:45,45,58,45
25D00H023-25D03H013:20,44,35,44
25D01H030-25D02H048:30,5,45,5
25D02H013-25D02H021:36,12,36,24,48,24
25D03H001-25D04H054:15,10,15,25,25,25
25D05H037-25D07H059:10,8,24,8
25D06H017-25D06H039:9,30,20,30
25D07H010-25D07H014:62,33,62,47
25D07H045-25D08H058:50,15,65,15
25D08H024-25D10H006:62,33,62,47
25D08H038-25D10H006:20,44,35,44
25D13H041-25D15H055:3,25,3,42
25D14H055-25D18H004:5,5,5,20
25D18H007-25D19H027:60,10,60,24
25D18H041-25D20H008:62,33,62,47
26D00H054-26D01H022:10,8,24,8
26D00H054-26D04H003:5,5,5,20
26D01H017-26D04H050:5,5,5,20
26D06H020-26D08H042:33,20,33,35
26D07H025-26D08H023:20,44,35,44
26D07H026-26D10H007:62,33,62,47
26D13H026-26D14H007:5,5,5,20
26D13H059-26D17H039:45,45,58,45
26D15H004-26D18H017:60,10,60,24
26D15H008-26D16H011:20,44,35,44
26D19H031-26D21H031:3,25,3,42
26D19H047-26D21H000:45,45,58,45
26D20H032-26D21H001:28,40,40,40
26D21H042-26D22H032:9,30,20,30
26D21H056-26D23H029:40,30,55,30,55,40
26D23H036-27D01H055:60,10,60,24
27D02H047-27D06H040:36,12,36,24,48,24
27D04H053-27D05H030:62,33,62,47
27D08H050-27D12H026:15,10,15,25,25,25
27D09H007-27D09H018:45,45,58,45
27D09H048-27D10H040:15,10,15,25,25,25
27D13H059-27D17H001:28,40,40,40
27D15H021-27D19H013:9,30,20,30
27D15H054-27D16H042:15,10,15,25,25,25
27D16H031-27D16H052:15,10,15,25,25,25
27D18H021-27D20H027:30,5,45,5
27D19H041-27D22H034:36,12,36,24,48,24
27D19H048-27D23H008:45,45,58,45
27D20H003-27D21H046:36,12,36,24,48,24
27D22H026-28D01H016:40,30,55,30,55,40
28D00H048-28D02H055:3,25,3,42
28D02H016-28D02H038:20,44,35,44
28D04H047-28D05H003:33,20,33,35
28D06H025-28D07H050:30,5,45,5
28D07H013-28D10H033:60,10,60,24
28D07H028-28D11H019:10,8,24,8
28D08H024-28D09H055:15,10,15,25,25,25
28D09H014-28D13H011:20,44,35,44
28D09H039-28D13H004:10,8,24,8
28D09H043-28D13H006:33,20,33,35
28D11H010-28D11H052:9,30,20,30
28D11H010-28D12H000:9,30,20,30
28D12H019-28D14H058:45,45,58,45
28D15H026-28D16H017:45,45,58,45
28D15H026-28D16H047:9,30,20,30
28D15H044-28D17H027:36,12,36,24,48,24
28D15H055-28D19H049:9,30,20,30
28D17H005-28D17H024:36,12,36,24,48,24
28D18H025-28D20H026:60,10,60,24
28D19H005-28D20H057:60,10,60,24
28D19H007-28D22H018:15,10,15,25,25,25
28D19H021-28D20H000:36,12,36,24,48,24
28D19H041-28D22H007:40,30,55,30,55,40
28D20H005-28D23H050:10,8,24,8
28D20H011-28D21H054:50,15,65,15
28D20H012-28D21H011:40,30,55,30,55,40
28D21H034-29D01H012:9,30,20,30
28D21H039-28D21H049:50,15,65,15
28D22H006-28D22H038:33,20,33,35
28D22H013-29D01H025:28,40,40,40
28D22H016-28D23H056:28,40,40,40
28D22H036-29D02H030:5,5,5,20
28D22H045-29D00H018:36,12,36,24,48,24
28D23H007-28D23H016:36,12,36,24,48,24
28D23H054-29D03H044:9,30,20,30
29D00H049-29D02H051:10,8,24,8
29D01H001-29D03H015:28,40,40,40
29D01H025-29D02H012:45,45,58,45
29D03H053-29D06H013:36,12,36,24,48,24
29D04H006-29D05H054:15,10,15,25,25,25
29D04H019-29D07H028:20,44,35,44
29D05H025-29D07H017:15,10,15,25,25,25
29D06H002-29D08H022:62,33,62,47
29D06H004-29D06H043:45,45,58,45
29D10H044-29D11H058:20,44,35,44
29D11H016-29D14H025:45,45,58,45
29D12H019-29D13H055:60,10,60,24
29D12H054-29D13H015:5,5,5,20
29D12H059-29D14H025:30,5,45,5
29D13H006-29D14H052:40,30,55,30,55,40
29D15H012-29D18H055:60,10,60,24
29D16H004-29D16H025:60,10,60,24
29D17H016-29D19H000:33,20,33,35
29D17H026-29D19H031:50,15,65,15
29D17H034-29D20H015:20,44,35,44
29D17H041-29D19H051:3,25,3,42
29D17H052-29D20H038:33,20,33,35
29D18H053-29D20H008:36,12,36,24,48,24
29D21H044-29D22H026:15,10,15,25,25,25
30D03H000-30D04H045:28,40,40,40
30D03H039-30D04H045:45,45,58,45
30D06H045-30D06H052:5,5,5,20
30D06H052-30D10H028:33,20,33,35
30D08H038-30D09H033:33,20,33,35
30D08H058-30D10H012:5,5,5,20
30D14H020-30D16H024:20,44,35,44
30D15H059-30D19H015:9,30,20,30
30D16H012-30D16H056:62,33,62,47
30D17H022-30D19H023:15,10,15,25,25,25
30D18H007-30D22H000:20,44,35,44
30D19H001-30D19H033:3,25,3,42
30D19H037-30D20H041:40,30,55,30,55,40
30D22H001-31D01H022:50,15,65,15
30D23H025-31D02H015:36,12,36,24,48,24
31D09H004-31D12H056:3,25,3,42
31D09H032-31D09H044:9,30,20,30
31D09H053-31D11H033:62,33,62,47
31D11H050-31D11H056:30,5,45,5
31D12H036-31D15H059:10,8,24,8
31D13H016-31D16H009:28,40,40,40
31D14H000-31D14H032:20,44,35,44
31D15H054-31D19H014:9,30,20,30
31D16H002-31D19H018:45,45,58,45
31D16H049-31D18H059:10,8,24,8
31D18H010-31D19H006:15,10,15,25,25,25
31D18H033-31D22H028:20,44,35,44
31D18H049-31D22H046:5,5,5,20
31D19H040-31D21H027:33,20,33,35
31D23H004-31D23H059:20,44,35,44
31D23H045-31D23H059:50,15,65,15
