01D01H039-01D03H045:10,8,24,8
01D01H044-01D03H043:50,15,65,15
01D01H049-01D02H041:45,45,58,45
01D02H025-01D05H013:50,15,65,15
01D05H018-01D08H021:28,40,40,40
01D05H037-01D06H022:15,10,15,25,25,25
01D08H045-01D09H004:60,10,60,24
01D12H005-01D13H010:3,25,3,42
01D12H010-01D12H023:36,12,36,24,48,24
01D13H046-01D16H034:60,10,60,24
01D14H003-01D16H057:28,40,40,40
01D14H026-01D14H030:60,10,60,24
01D15H011-01D15H051:33,20,33,35
01D18H012-01D18H044:33,20,33,35
01D18H033-01D19H035:20,44,35,44
01D18H041-01D18H044:28,40,40,40
01D18H056-01D22H023:33,20,33,35
01D20H058-01D22H030:62,33,62,47
01D21H056-01D23H028:40,30,55,30,55,40
01D23H036-02D01H057:40,30,55,30,55,40
01D23H044-01D23H048:30,5,45,5
02D01H041-02D02H021:40,30,55,30,55,40
02D02H054-02D06H026:50,15,65,15
02D04H045-02D07H043:9,30,20,30
02D06H013-02D08H004:15,10,15,25,25,25
02D06H042-02D10H040:62,33,62,47
02D06H048-02D09H048:20,44,35,44
02D07H002-02D10H041:9,30,20,30
02D07H027-02D09H057:28,40,40,40
02D07H037-02D09H019:10,8,24,8
02D08H058-02D11H027:36,12,36,24,48,24
02D09H047-02D13H027:60,10,60,24
02D11H010-02D14H047:3,25,3,42
02D11H042-02D14H017:30,5,45,5
02D12H013-02D15H057:45,45,58,45
02D13H056-02D15H029:15,10,15,25,25,25
02D15H057-02D18H008:3,25,3,42
02D16H041-02D17H049:62,33,62,47
02D18H056-02D20H007:33,20,33,35
02D19H019-02D19H030:50,15,65,15
02D21H038-03D01H016:36,12,36,24,48,24
02D22H011-02D22H029:15,10,15,25,25,25
03D00H014-03D02H055:15,10,15,25,25,25
03D01H016-03D02H009:33,20,33,35
03D01H021-03D03H048:62,33,62,47
03D01H034-03D04H003:50,15,65,15
03D01H056-03D05H023:60,10,60,24
03D02H033-03D03H050:20,44,35,44
03D02H048-03D03H057:45,45,58,45
03D04H008-03D05H019:30,5,45,5
03D04H013-03D08H008:62,33,62,47
03D05H055-03D06H052:5,5,5,20
03D09H016-03D12H032:62,33,62,47
03D09H042-03D12H025:30,5,45,5
03D10H004-03D13H043:15,10,15,25,25,25
03D10H016-03D10H033:3,25,3,42
03D13H001-03D16H010:36,12,36,24,48,24
03D13H004-03D16H033:33,20,33,35
03D13H029-03D14H047:10,8,24,8
03D13H048-03D15H056:5,5,5,20
03D17H014-03D19H024:36,12,36,24,48,24
03D17H031-03D20H040:10,8,24,8
03D19H036-03D21H030:3,25,3,42
03D19H039-03D22H020:36,12,36,24,48,24
03D20H008-03D20H036:15,10,15,25,25,25
03D20H051-03D23H029:40,30,55,30,55,40
03D21H033-04D00H041:36,12,36,24,48,24
03D22H024-03D23H044:28,40,40,40
03D23H027-04D02H048:36,12,36,24,48,24
04D01H011-04D01H055:30,5,45,5
04D01H047-04D04H046:50,15,65,15
04D02H017-04D03H027:36,12,36,24,48,24
04D03H009-04D05H023:3,25,3,42
04D03H029-04D05H002:9,30,20,30
04D05H054-04D07H014:3,25,3,42
04D06H052-04D08H056:28,40,40,40
04D07H043-04D11H041:40,30,55,30,55,40
04D08H027-04D12H021:45,45,58,45
04D10H044-04D11H026:15,10,15,25,25,25
04D11H020-04D13H010:9,30,20,30
04D11H034-04D14H009:45,45,58,45
04D13H038-04D13H055:30,5,45,5
04D14H040-04D15H020:15,10,15,25,25,25
04D14H051-04D17H004:36,12,36,24,48,24
04D15H044-04D16H032:30,5,45,5
04D16H042-04D18H034:15,10,15,25,25,25
04D17H027-04D19H019:50,15,65,15
04D19H019-04D21H004:45,45,58,45
04D19H049-04D23H002:15,10,15,25,25,25
04D19H054-04D23H033:33,20,33,35
04D20H028-04D21H057:60,10,60,24
04D20H050-04D22H053:9,30,20,30
04D22H051-05D02H040:40,30,55,30,55,40
04D22H053-05D01H053:5,5,5,20
04D23H058-05D00H004:3,25,3,42
05D00H001-05D01H045:3,25,3,42
05D00H008-05D02H056:62,33,62,47
05D01H002-05D01H054:5,5,5,20
05D01H021-05D04H058:20,44,35,44
05D01H042-05D04H044:10,8,24,8
05D02H004-05D02H034:60,10,60,24
05D02H019-05D04H019:20,44,35,44
05D04H001-05D07H027:5,5,5,20
05D05H016-05D05H057:3,25,3,42
05D07H011-05D09H012:20,44,35,44
05D07H012-05D07H038:3,25,3,42
05D07H035-05D09H023:45,45,58,45
05D07H058-05D10H036:10,8,24,8
05D08H003-05D08H058:5,5,5,20
05D08H022-05D11H016:3,25,3,42
05D09H028-05D12H045:28,40,40,40
05D10H006-05D10H036:20,44,35,44
05D10H013-05D11H024:9,30,20,30
05D11H023-05D15H011:40,30,55,30,55,40
05D11H032-05D11H048:60,10,60,24
05D14H013-05D17H023:30,5,45,5
05D15H049-05D16H005:40,30,55,30,55,40
05D15H050-05D16H001:28,40,40,40
05D16H037-05D18H013:62,33,62,47
05D17H032-05D18H004:20,44,35,44
05D17H044-05D19H044:45,45,58,45
05D18H003-05D21H043:62,33,62,47
05D21H050-06D01H017:9,30,20,30
06D01H019-06D02H034:30,5,45,5
06D01H028-06D03H046:5,5,5,20
06D02H015-06D05H016:36,12,36,24,48,24
06D02H037-06D04H042:28,40,40,40
06D03H034-06D05H019:45,45,58,45
06D04H059-06D05H053:62,33,62,47
06D05H004-06D05H047:10,8,24,8
06D06H021-06D08H053:20,44,35,44
06D07H007-06D09H016:62,33,62,47
06D07H015-06D10H006:62,33,62,47
06D08H017-06D11H050:9,30,20,30
06D10H023-06D13H005:30,5,45,5
06D10H036-06D12H008:10,8,24,8
06D11H037-06D13H033:5,5,5,20
06D11H046-06D14H005:10,8,24,8
06D11H049-06D12H016:36,12,36,24,48,24
06D13H057-06D14H059:30,5,45,5
06D14H018-06D16H027:60,10,60,24
06D15H025-06D18H005:36,12,36,24,48,24
06D17H012-06D19H055:62,33,62,47
06D19H045-06D20H041:15,10,15,25,25,25
06D23H016-07D02H007:5,5,5,20
07D04H013-07D06H014:62,33,62,47
07D04H027-07D05H048:20,44,35,44
07D06H013-07D08H016:10,8,24,8
07D06H025-07D07H013:9,30,20,30
07D07H022-07D09H006:50,15,65,15
07D09H031-07D09H053:62,33,62,47
07D09H041-07D13H007:30,5,45,5
07D12H012-07D12H029:36,12,36,24,48,24
07D12H038-07D14H049:3,25,3,42
07D14H042-07D16H000:30,5,45,5
07D15H056-07D19H005:5,5,5,20
07D18H026-07D19H019:45,45,58,45
07D19H002-07D20H023:36,12,36,24,48,24
07D19H002-07D20H037:3,25,3,42
07D20H047-07D21H031:33,20,33,35
07D21H039-07D22H007:30,5,45,5
07D22H052-07D22H055:33,20,33,35
08D00H011-08D02H007:5,5,5,20
08D01H038-08D01H052:3,25,3,42
08D01H044-08D05H015:28,40,40,40
08D06H055-08D07H030:50,15,65,15
08D08H041-08D10H012:3,25,3,42
08D09H003-08D11H015:9,30,20,30
08D09H051-08D10H014:62,33,62,47
08D11H052-08D13H054:9,30,20,30
08D12H059-08D16H001:45,45,58,45
08D14H041-08D16H025:60,10,60,24
08D15H026-08D17H021:60,10,60,24
08D17H029-08D18H012:9,30,20,30
08D17H035-08D18H047:5,5,5,20
08D18H021-08D18H032:36,12,36,24,48,24
08D19H021-08D22H021:9,30,20,30
08D19H023-08D20H042:15,10,15,25,25,25
08D20H024-08D23H055:45,45,58,45
08D22H050-08D23H021:60,10,60,24
08D22H051-09D02H006:9,30,20,30
08D23H058-09D03H001:33,20,33,35
09D02H033-09D06H022:15,10,15,25,25,25
09D03H017-09D05H004:40,30,55,30,55,40
09D04H027-09D05H047:15,10,15,25,25,25
09D05H003-09D05H056:3,25,3,42
09D10H002-09D11H058:62,33,62,47
09D10H038-09D13H009:28,40,40,40
09D12H031-09D12H050:36,12,36,24,48,24
09D17H003-09D17H007:50,15,65,15
09D18H018-09D21H024:33,20,33,35
09D18H033-09D21H009:28,40,40,40
09D18H057-09D22H046:3,25,3,42
09D19H049-09D23H025:10,8,24,8
09D19H054-09D23H023:45,45,58,45
09D20H007-09D23H013:20,44,35,44
09D20H039-10D00H027:50,15,65,15
09D22H021-10D00H032:60,10,60,24
09D23H005-10D01H011:3,25,3,42
10D00H002-10D03H013:3,25,3,42
10D00H007-10D00H050:36,12,36,24,48,24
10D01H052-10D02H045:28,40,40,40
10D01H054-10D03H045:9,30,20,30
10D03H011-10D03H038:60,10,60,24
10D03H034-10D04H006:60,10,60,24
10D05H029-10D07H036:15,10,15,25,25,25
10D05H042-10D09H014:3,25,3,42
10D08H040-10D10H002:15,10,15,25,25,25
10D11H013-10D15H005:33,20,33,35
10D13H013-10D15H018:60,10,60,24
10D13H015-10D13H053:36,12,36,24,48,24
10D16H031-10D19H059:5,5,5,20
10D16H046-10D20H029:60,10,60,24
10D18H044-10D21H010:60,10,60,24
10D21H037-10D23H027:36,12,36,24,48,24
10D22H040-11D02H018:36,12,36,24,48,24
10D23H034-11D01H002:62,33,62,47
11D00H038-11D02H032:60,10,60,24
11D00H045-11D01H010:33,20,33,35
11D00H051-11D02H026:28,40,40,40
11D01H008-11D01H014:9,30,20,30
11D03H000-11D03H053:9,30,20,30
11D04H015-11D07H056:50,15,65,15
11D04H039-11D08H006:10,8,24,8
11D06H002-11D09H002:45,45,58,45
11D08H019-11D10H046:20,44,35,44
11D09H040-11D10H056:50,15,65,15
11D10H052-11D12H044:62,33,62,47
11D11H014-11D14H046:36,12,36,24,48,24
11D12H024-11D12H036:28,40,40,40
11D13H006-11D16H043:15,10,15,25,25,25
11D17H032-11D21H032:30,5,45,5
11D20H000-11D20H055:28,40,40,40
11D21H001-11D21H054:33,20,33,35
11D21H052-11D23H020:36,12,36,24,48,24
12D00H016-12D02H003:50,15,65,15
12D01H017-12D03H003:28,40,40,40
12D02H011-12D03H004:30,5,45,5
12D02H049-12D06H021:36,12,36,24,48,24
12D05H015-12D07H038:30,5,45,5
12D05H048-12D06H035:10,8,24,8
12D07H002-12D08H017:20,44,35,44
12D09H020-12D10H053:36,12,36,24,48,24
12D09H024-12D11H019:40,30,55,30,55,40
12D10H042-12D12H003:5,5,5,20
12D11H059-12D12H043:28,40,40,40
12D13H017-12D14H042:62,33,62,47
12D13H055-12D17H019:33,20,33,35
12D19H007-12D20H050:60,10,60,24
12D19H023-12D20H053:50,15,65,15
12D19H055-12D21H041:45,45,58,45
12D21H008-13D00H025:3,25,3,42
12D21H057-13D00H023:60,10,60,24
12D22H004-12D22H054:30,5,45,5
12D23H011-13D00H040:10,8,24,8
13D02H002-13D02H022:5,5,5,20
13D02H023-13D02H026:45,45,58,45
13D03H026-13D05H001:20,44,35,44
13D04H007-13D06H031:28,40,40,40
13D05H036-13D06H000:40,30,55,30,55,40
13D06H010-13D08H014:3,25,3,42
13D06H012-13D06H041:20,44,35,44
13D08H019-13D08H048:3,25,3,42
13D09H011-13D11H023:20,44,35,44
13D10H036-13D11H045:33,20,33,35
13D11H017-13D12H035:30,5,45,5
13D14H023-13D15H043:62,33,62,47
13D15H033-13D18H017:30,5,45,5
13D15H052-13D17H013:36,12,36,24,48,24
13D17H050-13D18H008:36,12,36,24,48,24
13D18H026-13D18H033:20,44,35,44
13D21H004-13D22H042:5,5,5,20
13D21H031-14D01H018:20,44,35,44
14D00H002-14D00H022:33,20,33,35
14D01H044-14D04H036:30,5,45,5
14D06H013-14D09H008:20,44,35,44
14D06H026-14D07H020:3,25,3,42
14D08H023-14D10H047:45,45,58,45
14D08H026-14D10H006:60,10,60,24
14D09H010-14D10H004:33,20,33,35
14D09H038-14D11H017:36,12,36,24,48,24
14D10H059-14D11H025:30,5,45,5
14D12H018-14D13H026:62,33,62,47
14D12H040-14D13H049:20,44,35,44
14D13H012-14D16H024:36,12,36,24,48,24
14D13H024-14D14H046:40,30,55,30,55,40
14D15H010-14D17H010:62,33,62,47
14D16H050-14D20H024:28,40,40,40
14D18H042-14D19H005:9,30,20,30
14D23H022-15D00H007:45,45,58,45
14D23H027-15D00H034:36,12,36,24,48,24
15D00H034-15D03H049:30,5,45,5
15D01H004-15D02H043:3,25,3,42
15D01H033-15D05H017:62,33,62,47
15D02H042-15D05H040:40,30,55,30,55,40
15D03H025-15D07H002:50,15,65,15
15D04H006-15D07H040:60,10,60,24
15D04H024-15D05H059:15,10,15,25,25,25
15D09H017-15D12H012:45,45,58,45
15D09H052-15D13H004:45,45,58,45
15D10H020-15D10H023:45,45,58,45
15D10H049-15D14H031:62,33,62,47
15D11H010-15D13H036:28,40,40,40
15D11H039-15D12H021:9,30,20,30
15D12H049-15D15H041:30,5,45,5
15D13H027-15D16H054:28,40,40,40
15D14H049-15D15H025:5,5,5,20
15D15H010-15D16H057:28,40,40,40
15D18H013-15D22H002:3,25,3,42
15D20H014-16D00H011:30,5,45,5
15D21H017-15D22H034:50,15,65,15
15D22H050-16D02H043:33,20,33,35
15D23H004-16D00H015:62,33,62,47
15D23H025-16D02H058:3,25,3,42
16D00H034-16D02H031:40,30,55,30,55,40
16D04H000-16D06H046:3,25,3,42
16D04H048-16D05H040:15,10,15,25,25,25
16D05H001-16D07H005:33,20,33,35
16D06H032-16D09H023:20,44,35,44
16D09H020-16D12H031:20,44,35,44
16D09H059-16D12H049:28,40,40,40
16D13H031-16D16H051:15,10,15,25,25,25
16D13H038-16D14H001:36,12,36,24,48,24
16D16H052-16D17H037:9,30,20,30
16D17H045-16D19H020:40,30,55,30,55,40
16D18H012-16D18H032:10,8,24,8
16D19H035-16D21H046:9,30,20,30
16D20H048-16D21H050:15,10,15,25,25,25
16D21H009-16D21H045:40,30,55,30,55,40
16D21H044-16D22H015:20,44,35,44
17D00H042-17D01H020:60,10,60,24
17D01H003-17D03H056:20,44,35,44
17D01H007-17D04H038:33,20,33,35
17D03H000-17D05H018:36,12,36,24,48,24
17D03H013-17D06H032:33,20,33,35
17D05H010-17D07H045:33,20,33,35
17D07H003-17D07H030:33,20,33,35
17D07H031-17D08H002:40,30,55,30,55,40
17D08H037-17D12H031:15,10,15,25,25,25
17D10H008-17D12H029:5,5,5,20
17D10H057-17D14H000:62,33,62,47
17D11H012-17D12H036:9,30,20,30
17D13H003-17D16H045:30,5,45,5
17D13H007-17D14H051:20,44,35,44
17D14H033-17D17H051:33,20,33,35
17D14H035-17D14H036:62,33,62,47
17D17H012-17D18H016:3,25,3,42
17D21H028-17D22H047:60,10,60,24
17D22H010-18D01H004:5,5,5,20
17D22H026-18D00H053:60,10,60,24
17D22H037-18D00H057:5,5,5,20
17D23H049-18D00H020:40,30,55,30,55,40
18D01H030-18D04H001:60,10,60,24
18D02H012-18D05H043:9,30,20,30
18D04H051-18D07H035:62,33,62,47
18D06H050-18D09H039:3,25,3,42
18D07H000-18D07H014:60,10,60,24
18D07H018-18D10H055:60,10,60,24
18D08H032-18D10H053:30,5,45,5
18D09H024-18D12H032:28,40,40,40
18D09H032-18D12H028:45,45,58,45
18D11H007-18D14H044:45,45,58,45
18D13H039-18D15H032:28,40,40,40
18D14H041-18D18H018:36,12,36,24,48,24
18D15H032-18D17H005:36,12,36,24,48,24
18D15H055-18D19H016:36,12,36,24,48,24
18D15H058-18D16H001:40,30,55,30,55,40
18D17H039-18D18H023:33,20,33,35
18D19H047-18D23H006:36,12,36,24,48,24
18D21H003-18D22H049:33,20,33,35
18D23H042-19D01H044:15,10,15,25,25,25
19D00H036-19D01H059:40,30,55,30,55,40
19D01H053-19D02H042:33,20,33,35
19D03H021-19D03H044:10,8,24,8
19D05H036-19D06H051:45,45,58,45
19D06H003-19D06H035:60,10,60,24
19D07H043-19D09H000:20,44,35,44
19D09H036-19D09H040:28,40,40,40
19D11H038-19D14H020:33,20,33,35
19D11H048-19D15H016:10,8,24,8
19D11H054-19D13H014:20,44,35,44
19D12H059-19D16H003:40,30,55,30,55,40
19D15H011-19D18H019:62,33,62,47
19D16H059-19D20H019:20,44,35,44
19D17H006-19D19H012:15,10,15,25,25,25
19D17H040-19D19H031:45,45,58,45
19D18H002-19D19H057:50,15,65,15
19D20H056-20D00H009:40,30,55,30,55,40
19D21H036-20D00H024:62,33,62,47
19D21H057-20D00H022:5,5,5,20
19D23H028-20D02H043:3,25,3,42
19D23H029-20D00H037:50,15,65,15
19D23H036-20D01H025:9,30,20,30
20D00H004-20D03H046:20,44,35,44
20D00H014-20D00H038:20,44,35,44
20D00H015-20D01H006:10,8,24,8
20D00H053-20D03H003:50,15,65,15
20D01H002-20D02H038:15,10,15,25,25,25
20D02H020-20D02H047:30,5,45,5
20D03H013-20D05H057:50,15,65,15
20D03H034-20D07H001:28,40,40,40
20D04H034-20D06H036:40,30,55,30,55,40
20D05H019-20D07H022:50,15,65,15
20D06H022-20D10H015:15,10,15,25,25,25
20D06H025-20D07H047:60,10,60,24
20D07H012-20D09H038:36,12,36,24,48,24
20D08H012-20D09H035:5,5,5,20
20D10H032-20D12H046:33,20,33,35
20D10H057-20D14H019:28,40,40,40
20D11H037-20D11H054:5,5,5,20
20D11H056-20D12H018:30,5,45,5
20D12H005-20D13H014:5,5,5,20
20D13H057-20D17H030:62,33,62,47
20D14H054-20D16H047:36,12,36,24,48,24
20D17H051-20D21H036:30,5,45,5
20D18H015-20D20H006:3,25,3,42
20D18H026-20D22H023:10,8,24,8
20D18H058-20D20H031:5,5,5,20
20D19H006-20D19H042:62,33,62,47
20D19H039-20D20H017:40,30,55,30,55,40
20D23H005-21D02H008:5,5,5,20
21D03H015-21D04H041:15,10,15,25,25,25
21D03H025-21D07H015:20,44,35,44
21D04H027-21D04H037:50,15,65,15
21D06H002-21D06H008:40,30,55,30,55,40
21D06H023-21D06H048:10,8,24,8
21D06H034-21D09H033:30,5,45,5
21D07H007-21D09H050:50,15,65,15
21D07H010-21D07H043:20,44,35,44
21D07H021-21D10H013:15,10,15,25,25,25
21D08H022-21D08H056:60,10,60,24
21D10H003-21D13H028:20,44,35,44
21D10H032-21D12H036:9,30,20,30
21D11H022-21D13H021:3,25,3,42
21D11H052-21D14H045:9,30,20,30
21D13H034-21D13H037:33,20,33,35
21D14H009-21D15H036:60,10,60,24
21D14H050-21D17H036:28,40,40,40
21D18H038-21D22H031:28,40,40,40
21D23H028-22D02H008:45,45,58,45
22D00H058-22D02H047:3,25,3,42
22D01H035-22D03H019:60,10,60,24
22D01H040-22D03H039:3,25,3,42
22D03H036-22D05H007:15,10,15,25,25,25
22D04H045-22D05H052:10,8,24,8
22D05H022-22D06H038:5,5,5,20
22D05H056-22D07H020:40,30,55,30,55,40
22D06H033-22D09H030:9,30,20,30
22D07H053-22D09H021:5,5,5,20
22D09H017-22D12H025:45,45,58,45
22D09H041-22D11H018:9,30,20,30
22D10H016-22D10H039:20,44,35,44
22D12H038-22D14H022:10,8,24,8
22D13H057-22D16H020:36,12,36,24,48,24
22D14H029-22D18H001:28,40,40,40
22D14H033-22D16H038:33,20,33,35
22D14H054-22D17H053:33,20,33,35
22D17H026-22D18H050:20,44,35,44
22D18H024-22D22H017:45,45,58,45
22D20H044-22D21H038:33,20,33,35
22D22H009-23D00H044:33,20,33,35
22D22H021-23D00H035:40,30,55,30,55,40
22D23H009-23D01H036:9,30,20,30
22D23H027-23D02H006:45,45,58,45
23D00H029-23D03H041:62,33,62,47
23D00H056-23D03H017:5,5,5,20
23D01H012-23D02H037:33,20,33,35
23D01H014-23D02H003:62,33,62,47
23D01H048-23D04H012:60,10,60,24
23D04H013-23D05H012:60,10,60,24
23D05H044-23D08H017:36,12,36,24,48,24
23D08H043-23D08H059:3,25,3,42
23D10H057-23D12H043:40,30,55,30,55,40
23D11H025-23D14H026:10,8,24,8
23D14H013-23D18H013:40,30,55,30,55,40
23D14H055-23D15H032:62,33,62,47
23D16H025-23D18H029:20,44,35,44
23D18H024-23D20H028:40,30,55,30,55,40
23D18H045-23D22H025:33,20,33,35
23D18H047-23D19H043:50,15,65,15
23D20H025-23D22H014:30,5,45,5
23D23H026-24D00H032:28,40,40,40
24D00H054-24D01H019:30,5,45,5
24D03H021-24D07H015:15,10,15,25,25,25
24D04H027-24D04H030:50,15,65,15
24D07H023-24D07H029:15,10,15,25,25,25
24D09H019-24D12H017:36,12,36,24,48,24
24D09H034-24D11H046:33,20,33,35
24D10H043-24D12H028:60,10,60,24
24D11H000-24D14H059:3,25,3,42
24D11H034-24D13H020:30,5,45,5
24D14H023-24D17H041:36,12,36,24,48,24
24D16H002-24D18H050:15,10,15,25,25,25
24D17H015-24D20H054:28,40,40,40
24D20H047-24D22H040:50,15,65,15
25D00H018-25D01H008:30,5,45,5
25D01H041-25D01H057:5,5,5,20
25D04H016-25D04H049:15,10,15,25,25,25
25D04H022-25D04H057:20,44,35,44
25D10H010-25D10H016:3,25,3,42
25D10H024-25D11H003:40,30,55,30,55,40
25D12H023-25D13H047:50,15,65,15
25D13H002-25D13H024:3,25,3,42
25D14H054-25D16H034:62,33,62,47
25D16H036-25D19H022:40,30,55,30,55,40
25D17H044-25D21H036:30,5,45,5
25D17H046-25D18H027:10,8,24,8
25D20H047-25D21H022:50,15,65,15
25D21H017-26D00H032:33,20,33,35
25D22H035-26D01H025:10,8,24,8
25D23H044-26D01H015:9,30,20,30
26D02H058-26D06H043:36,12,36,24,48,24
26D03H042-26D04H011:15,10,15,25,25,25
26D05H006-26D06H054:15,10,15,25,25,25
26D07H017-26D08H034:60,10,60,24
26D09H040-26D09H047:3,25,3,42
26D09H054-26D10H047:36,12,36,24,48,24
26D10H008-26D11H024:15,10,15,25,25,25
26D10H059-26D13H055:5,5,5,20
26D11H020-26D14H029:15,10,15,25,25,25
26D11H021-26D14H010:50,15,65,15
26D11H027-26D14H011:50,15,65,15
26D12H044-26D13H052:3,25,3,42
26D14H003-26D16H043:30,5,45,5
26D16H011-26D17H004:40,30,55,30,55,40
26D21H006-26D22H051:28,40,40,40
27D01H023-27D02H013:30,5,45,5
27D02H056-27D04H020:60,10,60,24
27D03H043-27D05H000:28,40,40,40
27D05H007-27D09H005:15,10,15,25,25,25
27D06H012-27D08H011:30,5,45,5
27D06H037-27D08H019:15,10,15,25,25,25
27D07H030-27D11H020:28,40,40,40
27D07H035-27D08H018:36,12,36,24,48,24
27D07H040-27D11H024:3,25,3,42
27D08H057-27D12H043:3,25,3,42
27D11H002-27D12H002:20,44,35,44
27D14H034-27D17H043:3,25,3,42
27D14H035-27D16H003:33,20,33,35
27D15H059-27D19H031:20,44,35,44
27D16H000-27D18H025:62,33,62,47
27D16H048-27D17H027:5,5,5,20
27D20H014-27D20H020:33,20,33,35
27D20H016-27D23H034:30,5,45,5
27D21H008-27D21H052:10,8,24,8
27D21H031-27D22H055:9,30,20,30
27D21H038-28D01H009:40,30,55,30,55,40
27D22H018-27D23H003:45,45,58,45
27D23H010-28D00H021:50,15,65,15
28D02H003-28D04H038:3,25,3,42
28D02H040-28D04H058:60,10,60,24
28D02H045-28D03H043:20,44,35,44
28D03H037-28D04H032:62,33,62,47
28D03H053-28D04H030:30,5,45,5
28D07H028-28D09H039:62,33,62,47
28D09H020-28D11H025:62,33,62,47
28D12H019-28D15H056:9,30,20,30
28D15H031-28D18H019:62,33,62,47
28D17H002-28D19H052:15,10,15,25,25,25
28D17H006-28D17H044:5,5,5,20
28D17H030-28D17H033:30,5,45,5
28D17H039-28D18H059:45,45,58,45
28D20H032-28D20H057:50,15,65,15
28D21H057-28D22H038:5,5,5,20
28D22H010-28D23H049:28,40,40,40
28D22H022-29D00H034:50,15,65,15
29D00H004-29D00H020:62,33,62,47
29D01H032-29D03H055:9,30,20,30
29D01H050-29D04H049:60,10,60,24
29D03H008-29D03H040:40,30,55,30,55,40
29D03H027-29D05H032:3,25,3,42
29D03H050-29D06H036:3,25,3,42
29D05H008-29D08H054:9,30,20,30
29D09H013-29D12H041:62,33,62,47
29D10H048-29D12H041:3,25,3,42
29D11H025-29D12H022:50,15,65,15
29D12H043-29D14H026:45,45,58,45
29D13H012-29D14H008:36,12,36,24,48,24
29D13H042-29D16H023:10,8,24,8
29D14H021-29D17H042:30,5,45,5
29D14H049-29D17H056:60,10,60,24
29D16H020-29D19H055:28,40,40,40
29D17H048-29D21H001:60,10,60,24
29D17H057-29D18H012:3,25,3,42
29D19H017-29D20H041:36,12,36,24,48,24
29D19H021-29D23H012:3,25,3,42
29D22H020-29D22H034:3,25,3,42
30D03H057-30D04H015:40,30,55,30,55,40
30D07H033-30D09H037:62,33,62,47
30D10H016-30D10H056:40,30,55,30,55,40
30D12H042-30D13H021:20,44,35,44
30D14H006-30D17H029:10,8,24,8
30D14H007-30D16H048:5,5,5,20
30D15H053-30D19H010:20,44,35,44
30D15H053-30D19H027:30,5,45,5
30D17H005-30D18H047:60,10,60,24
31D00H000-31D03H001:40,30,55,30,55,40
31D00H002-31D02H025:62,33,62,47
31D02H005-31D05H029:60,10,60,24
31D03H000-31D05H004:15,10,15,25,25,25
31D03H026-31D05H042:45,45,58,45
31D04H025-31D06H044:40,30,55,30,55,40
31D08H010-31D10H033:9,30,20,30
31D13H028-31D16H027:50,15,65,15
31D16H005-31D19H012:10,8,24,8
31D17H052-31D18H051:3,25,3,42
31D18H004-31D18H057:30,5,45,5
31D18H004-31D20H027:10,8,24,8
31D18H059-31D19H029:30,5,45,5
31D19H012-31D21H016:45,45,58,45
31D20H023-31D22H006:5,5,5,20
31D20H047-31D22H012:62,33,62,47
31D20H054-31D23H059:9,30,20,30
31D22H051-31D23H059:28,40,40,40
