01D03H003-01D06H008:5,5,5,20
01D03H040-01D04H034:40,30,55,30,55,40
01D03H054-01D05H022:36,12,36,24,48,24
01D06H017-01D08H024:28,40,40,40
01D06H026-01D07H026:30,5,45,5
01D06H041-01D09H039:20,44,35,44
01D10H018-01D14H008:3,25,3,42
01D11H027-01D12H059:60,10,60,24
01D13H049-01D17H034:20,44,35,44
01D15H018-01D16H040:3,25,3,42
01D16H011-01D18H029:30,5,45,5
01D17H019-01D21H013:50,15,65,15
01D19H043-01D23H013:15,10,15,25,25,25
01D22H034-02D01H024:9,30,20,30
01D22H045-02D02H000:36,12,36,24,48,24
02D01H011-02D04H010:40,30,55,30,55,40
02D04H003-02D07H019:60,10,60,24
02D05H012-02D06H026:30,5,45,5
02D07H041-02D11H017:50,15,65,15
02D08H037-02D09H030:62,33,62,47
02D09H033-02D12H037:45,45,58,45
02D12H044-02D16H001:60,10,60,24
02D15H018-02D15H032:9,30,20,30
02D15H028-02D17H042:28,40,40,40
02D15H053-02D16H032:30,5,45,5
02D16H011-02D16H048:9,30,20,30
02D17H020-02D18H039:36,12,36,24,48,24
02D17H030-02D21H030:50,15,65,15
02D18H050-02D22H027:40,30,55,30,55,40
02D20H004-02D23H055:30,5,45,5
02D20H037-02D22H005:30,5,45,5
02D23H025-03D01H042:50,15,65,15
03D01H042-03D05H001:28,40,40,40
03D07H047-03D10H045:33,20,33,35
03D09H026-03D10H004:10,8,24,8
03D09H029-03D11H044:9,30,20,30
03D09H036-03D11H029:3,25,3,42
03D11H045-03D14H057:45,45,58,45
03D12H048-03D15H059:20,44,35,44
03D13H022-03D16H019:28,40,40,40
03D14H001-03D15H054:30,5,45,5
03D14H010-03D17H043:40,30,55,30,55,40
03D14H046-03D15H049:33,20,33,35
03D16H027-03D19H002:3,25,3,42
03D19H005-03D21H004:20,44,35,44
03D19H020-03D22H027:50,15,65,15
03D20H040-03D20H048:28,40,40,40
03D20H056-04D00H012:33,20,33,35
03D21H024-03D22H013:20,44,35,44
03D23H012-04D01H045:5,5,5,20
04D01H059-04D02H051:5,5,5,20
04D03H031-04D05H023:9,30,20,30
04D03H041-04D06H046:28,40,40,40
04D06H055-04D07H059:10,8,24,8
04D07H059-04D09H021:15,10,15,25,25,25
04D09H015-04D09H042:33,20,33,35
04D12H015-04D15H023:60,10,60,24
04D12H024-04D15H030:20,44,35,44
04D13H019-04D16H018:40,30,55,30,55,40
04D15H007-04D17H036:62,33,62,47
04D17H013-04D18H036:50,15,65,15
04D17H057-04D18H050:20,44,35,44
04D20H056-04D22H008:15,10,15,25,25,25
04D21H002-04D21H028:60,10,60,24
04D22H039-04D23H048:33,20,33,35
05D00H010-05D01H040:9,30,20,30
05D01H050-05D03H000:10,8,24,8
05D03H046-05D03H056:45,45,58,45
05D03H048-05D04H044:3,25,3,42
05D04H002-05D06H046:30,5,45,5
05D04H010-05D06H034:45,45,58,45
05D06H007-05D06H015:28,40,40,40
05D07H026-05D09H058:30,5,45,5
05D07H030-05D08H018:60,10,60,24
05D11H051-05D12H031:30,5,45,5
05D11H056-05D13H030:5,5,5,20
05D14H042-05D17H048:45,45,58,45
05D15H023-05D15H047:20,44,35,44
05D15H041-05D18H040:5,5,5,20
05D17H018-05D18H047:10,8,24,8
05D18H047-05D21H047:28,40,40,40
05D20H004-05D22H003:20,44,35,44
05D20H016-05D21H052:30,5,45,5
05D20H035-05D23H021:15,10,15,25,25,25
05D21H015-06D00H055:45,45,58,45
05D21H024-06D01H010:15,10,15,25,25,25
05D22H030-05D23H026:45,45,58,45
06D02H011-06D03H027:9,30,20,30
06D02H028-06D05H017:60,10,60,24
06D02H042-06D05H054:30,5,45,5
06D04H020-06D07H056:40,30,55,30,55,40
06D07H020-06D11H006:5,5,5,20
06D10H021-06D12H005:3,25,3,42
06D10H023-06D11H024:36,12,36,24,48,24
06D11H028-06D14H022:36,12,36,24,48,24
06D13H024-06D13H055:60,10,60,24
06D16H003-06D18H015:36,12,36,24,48,24
06D16H050-06D18H034:45,45,58,45
06D19H041-06D21H034:20,44,35,44
06D20H009-06D21H049:20,44,35,44
06D20H032-06D22H001:62,33,62,47
06D20H041-06D23H007:60,10,60,24
06D20H057-06D21H037:45,45,58,45
06D22H019-07D00H044:15,10,15,25,25,25
06D22H022-07D01H055:40,30,55,30,55,40
06D23H041-07D01H016:20,44,35,44
07D00H009-07D03H010:33,20,33,35
07D03H002-07D03H038:20,44,35,44
07D04H008-07D06H007:20,44,35,44
07D07H039-07D11H008:33,20,33,35
07D11H051-07D12H023:28,40,40,40
07D12H023-07D13H042:36,12,36,24,48,24
07D12H051-07D14H028:3,25,3,42
07D13H000-07D16H054:60,10,60,24
07D13H046-07D17H020:28,40,40,40
07D13H049-07D17H021:62,33,62,47
07D14H002-07D15H008:50,15,65,15
07D15H033-07D17H035:30,5,45,5
07D16H002-07D16H027:33,20,33,35
07D16H016-07D16H031:50,15,65,15
07D16H030-07D20H027:62,33,62,47
07D20H011-07D23H045:28,40,40,40
07D20H027-07D21H053:10,8,24,8
07D21H056-08D01H023:9,30,20,30
07D22H030-07D23H002:20,44,35,44
07D23H043-08D03H009:36,12,36,24,48,24
07D23H057-08D02H033:20,44,35,44
08D00H020-08D01H010:50,15,65,15
08D01H043-08D05H005:3,25,3,42
08D02H034-08D06H004:33,20,33,35
08D03H027-08D04H038:33,20,33,35
08D03H034-08D06H056:3,25,3,42
08D05H022-08D06H009:36,12,36,24,48,24
08D07H053-08D09H016:62,33,62,47
08D09H007-08D09H038:20,44,35,44
08D09H030-08D11H046:15,10,15,25,25,25
08D14H000-08D14H021:5,5,5,20
08D14H012-08D17H054:62,33,62,47
08D16H008-08D19H028:5,5,5,20
08D16H019-08D20H016:40,30,55,30,55,40
08D17H004-08D17H012:30,5,45,5
08D21H034-08D23H029:60,10,60,24
08D23H013-09D03H006:50,15,65,15
09D01H024-09D01H031:50,15,65,15
09D01H027-09D01H042:30,5,45,5
09D02H017-09D05H052:62,33,62,47
09D03H001-09D05H045:15,10,15,25,25,25
09D04H014-09D07H057:50,15,65,15
09D05H058-09D06H007:36,12,36,24,48,24
09D06H011-09D09H014:5,5,5,20
09D06H024-09D09H047:60,10,60,24
09D09H010-09D10H001:15,10,15,25,25,25
09D09H052-09D10H024:20,44,35,44
09D11H008-09D12H037:28,40,40,40
09D11H024-09D12H057:5,5,5,20
09D12H012-09D13H018:30,5,45,5
09D12H040-09D13H052:62,33,62,47
09D13H011-09D15H033:45,45,58,45
09D14H044-09D17H057:33,20,33,35
09D14H058-09D18H022:33,20,33,35
09D15H006-09D15H050:28,40,40,40
09D15H031-09D19H016:50,15,65,15
09D16H020-09D19H044:36,12,36,24,48,24
09D17H034-09D18H014:15,10,15,25,25,25
09D18H052-09D19H027:40,30,55,30,55,40
09D19H039-09D22H010:30,5,45,5
09D21H005-10D01H000:45,45,58,45
10D01H003-10D03H024:33,20,33,35
10D02H011-10D05H032:40,30,55,30,55,40
10D05H016-10D08H030:33,20,33,35
10D07H005-10D07H020:10,8,24,8
10D07H048-10D09H011:10,8,24,8
10D10H012-10D13H038:50,15,65,15
10D10H036-10D11H016:10,8,24,8
10D10H058-10D12H023:9,30,20,30
10D11H035-10D11H052:5,5,5,20
10D12H018-10D15H017:60,10,60,24
10D12H033-10D15H006:60,10,60,24
10D12H037-10D15H032:3,25,3,42
10D13H030-10D15H023:20,44,35,44
10D14H030-10D15H014:40,30,55,30,55,40
10D14H030-10D15H056:33,20,33,35
10D14H041-10D15H012:9,30,20,30
10D17H055-10D19H007:10,8,24,8
10D18H031-10D21H038:50,15,65,15
10D18H034-10D20H048:50,15,65,15
10D19H005-10D19H036:9,30,20,30
10D19H010-10D21H050:60,10,60,24
10D20H022-11D00H001:15,10,15,25,25,25
10D20H030-10D21H055:5,5,5,20
10D20H033-10D23H024:3,25,3,42
10D22H006-10D23H048:15,10,15,25,25,25
10D23H046-11D01H000:62,33,62,47
11D02H049-11D05H030:60,10,60,24
11D03H032-11D03H041:5,5,5,20
11D05H001-11D06H012:45,45,58,45
11D06H000-11D09H057:3,25,3,42
11D06H009-11D07H040:60,10,60,24
11D07H052-11D09H051:3,25,3,42
11D08H040-11D09H006:28,40,40,40
11D10H052-11D13H030:60,10,60,24
11D12H042-11D13H007:60,10,60,24
11D13H054-11D16H024:36,12,36,24,48,24
11D15H052-11D17H056:45,45,58,45
11D16H040-11D18H004:3,25,3,42
11D19H058-11D22H008:9,30,20,30
11D23H040-12D00H014:15,10,15,25,25,25
12D02H050-12D03H056:10,8,24,8
12D04H048-12D07H021:60,10,60,24
12D08H012-12D10H025:60,10,60,24
12D08H059-12D09H011:45,45,58,45
12D09H030-12D11H011:45,45,58,45
12D09H031-12D11H011:28,40,40,40
12D10H006-12D13H011:15,10,15,25,25,25
12D10H045-12D13H015:36,12,36,24,48,24
12D14H031-12D17H023:10,8,24,8
12D14H054-12D17H050:10,8,24,8
12D16H033-12D17H023:15,10,15,25,25,25
12D19H008-12D21H057:28,40,40,40
12D19H010-12D22H017:9,30,20,30
12D20H054-12D23H052:60,10,60,24
12D22H022-13D01H011:28,40,40,40
13D00H015-13D00H031:45,45,58,45
13D00H058-13D03H008:15,10,15,25,25,25
13D02H036-13D06H029:33,20,33,35
13D03H038-13D06H056:36,12,36,24,48,24
13D03H055-13D05H012:15,10,15,25,25,25
13D06H009-13D08H025:10,8,24,8
13D06H028-13D08H042:9,30,20,30
13D08H043-13D09H014:20,44,35,44
13D09H041-13D10H033:15,10,15,25,25,25
13D10H015-13D10H042:9,30,20,30
13D13H013-13D16H006:62,33,62,47
13D13H027-13D13H042:45,45,58,45
13D15H032-13D18H044:33,20,33,35
13D16H002-13D18H020:40,30,55,30,55,40
13D16H040-13D19H020:15,10,15,25,25,25
13D18H056-13D20H057:15,10,15,25,25,25
13D20H050-13D23H052:50,15,65,15
13D21H050-14D01H014:45,45,58,45
13D22H047-14D01H035:33,20,33,35
14D03H004-14D04H019:60,10,60,24
14D04H030-14D07H006:45,45,58,45
14D05H020-14D06H021:36,12,36,24,48,24
14D05H046-14D07H012:33,20,33,35
14D06H031-14D08H029:30,5,45,5
14D07H038-14D09H001:36,12,36,24,48,24
14D07H059-14D10H016:50,15,65,15
14D12H000-14D14H009:10,8,24,8
14D12H005-14D15H022:20,44,35,44
14D12H035-14D12H058:5,5,5,20
14D14H017-14D16H022:28,40,40,40
14D14H034-14D17H012:5,5,5,20
14D14H049-14D16H023:9,30,20,30
14D14H055-14D18H006:40,30,55,30,55,40
14D15H050-14D17H033:30,5,45,5
14D16H030-14D18H032:36,12,36,24,48,24
14D17H001-14D17H003:40,30,55,30,55,40
14D17H020-14D21H020:36,12,36,24,48,24
14D18H002-14D19H000:10,8,24,8
14D20H003-14D20H030:28,40,40,40
14D20H013-14D20H020:62,33,62,47
14D20H016-14D23H035:62,33,62,47
14D20H046-14D21H033:9,30,20,30
14D21H001-14D23H019:33,20,33,35
15D00H032-15D01H047:30,5,45,5
15D00H052-15D01H011:62,33,62,47
15D01H011-15D05H010:36,12,36,24,48,24
15D01H051-15D05H041:15,10,15,25,25,25
15D01H058-15D02H044:15,10,15,25,25,25
15D01H058-15D05H044:40,30,55,30,55,40
15D02H026-15D05H026:60,10,60,24
15D03H050-15D05H015:62,33,62,47
15D04H035-15D07H007:62,33,62,47
15D06H031-15D08H053:40,30,55,30,55,40
15D07H004-15D08H034:33,20,33,35
15D07H017-15D07H038:5,5,5,20
15D08H051-15D09H032:3,25,3,42
15D12H035-15D16H015:40,30,55,30,55,40
15D12H051-15D12H054:62,33,62,47
15D13H013-15D15H048:28,40,40,40
15D14H024-15D18H000:45,45,58,45
15D16H052-15D18H021:5,5,5,20
15D18H040-15D20H009:9,30,20,30
15D19H030-15D23H029:36,12,36,24,48,24
15D19H041-15D21H040:45,45,58,45
15D19H055-15D23H017:3,25,3,42
15D20H029-15D21H003:62,33,62,47
15D20H047-15D23H026:33,20,33,35
15D21H030-15D22H006:20,44,35,44
15D22H054-16D00H001:3,25,3,42
16D00H032-16D01H050:3,25,3,42
16D02H007-16D04H052:40,30,55,30,55,40
16D02H028-16D05H007:36,12,36,24,48,24
16D05H019-16D08H027:62,33,62,47
16D05H030-16D07H040:30,5,45,5
16D05H041-16D06H058:9,30,20,30
16D06H001-16D08H033:28,40,40,40
16D07H033-16D09H021:62,33,62,47
16D08H021-16D09H031:60,10,60,24
16D09H009-16D12H031:3,25,3,42
16D10H034-16D10H041:36,12,36,24,48,24
16D10H047-16D10H052:3,25,3,42
16D13H040-16D14H016:20,44,35,44
16D15H039-16D16H006:33,20,33,35
16D18H006-16D19H005:33,20,33,35
16D18H026-16D18H056:28,40,40,40
16D19H002-16D19H021:36,12,36,24,48,24
16D19H047-16D22H044:40,30,55,30,55,40
16D19H056-16D23H031:50,15,65,15
16D20H004-16D21H025:30,5,45,5
16D20H024-16D23H059:28,40,40,40
17D01H033-17D04H057:15,10,15,25,25,25
17D03H037-17D06H051:15,10,15,25,25,25
17D07H017-17D08H040:62,33,62,47
17D07H049-17D08H053:15,10,15,25,25,25
17D08H010-17D08H035:10,8,24,8
17D08H022-17D09H008:60,10,60,24
17D10H019-17D11H038:45,45,58,45
17D10H021-17D14H019:33,20,33,35
17D11H005-17D13H007:40,30,55,30,55,40
17D11H026-17D13H040:10,8,24,8
17D12H048-17D13H011:10,8,24,8
17D14H058-17D15H057:3,25,3,42
17D17H026-17D17H027:60,10,60,24
17D21H022-17D21H034:40,30,55,30,55,40
17D22H018-18D00H041:62,33,62,47
18D00H029-18D02H006:20,44,35,44
18D00H033-18D03H028:30,5,45,5
18D03H015-18D05H010:20,44,35,44
18D03H030-18D05H000:9,30,20,30
18D04H058-18D05H019:33,20,33,35
18D05H000-18D06H010:9,30,20,30
18D05H003-18D05H014:60,10,60,24
18D06H055-18D09H000:30,5,45,5
18D09H018-18D10H005:10,8,24,8
18D12H027-18D13H031:62,33,62,47
18D12H037-18D14H047:10,8,24,8
18D13H022-18D13H042:60,10,60,24
18D13H025-18D15H029:10,8,24,8
18D13H057-18D16H009:45,45,58,45
18D14H055-18D17H009:20,44,35,44
18D15H007-18D18H032:20,44,35,44
18D15H035-18D17H054:3,25,3,42
18D16H048-18D19H046:60,10,60,24
18D17H046-18D21H012:60,10,60,24
18D18H033-18D22H021:30,5,45,5
18D18H034-18D18H047:62,33,62,47
18D18H034-18D18H054:5,5,5,20
18D18H057-18D20H030:45,45,58,45
18D19H006-18D22H049:62,33,62,47
18D21H034-18D22H045:50,15,65,15
18D22H023-19D01H039:50,15,65,15
18D23H035-19D02H034:28,40,40,40
19D01H000-19D01H031:9,30,20,30
19D01H047-19D05H029:9,30,20,30
19D02H050-19D03H053:60,10,60,24
19D05H030-19D06H020:10,8,24,8
19D05H059-19D09H021:3,25,3,42
19D07H009-19D11H003:33,20,33,35
19D07H057-19D09H028:28,40,40,40
19D09H027-19D09H029:45,45,58,45
19D11H008-19D11H025:33,20,33,35
19D13H013-19D14H019:30,5,45,5
19D13H015-19D14H049:28,40,40,40
19D15H042-19D19H030:9,30,20,30
19D19H025-19D21H053:45,45,58,45
19D21H034-20D01H008:36,12,36,24,48,24
19D23H025-20D00H040:45,45,58,45
20D02H003-20D02H044:36,12,36,24,48,24
20D02H044-20D06H006:3,25,3,42
20D03H032-20D07H006:62,33,62,47
20D04H005-20D04H025:20,44,35,44
20D05H037-20D07H022:20,44,35,44
20D05H053-20D06H025:30,5,45,5
20D06H042-20D09H002:60,10,60,24
20D07H026-20D11H013:15,10,15,25,25,25
20D08H006-20D09H052:62,33,62,47
20D08H008-20D10H058:62,33,62,47
20D08H052-20D09H058:30,5,45,5
20D10H029-20D13H034:33,20,33,35
20D12H023-20D13H022:60,10,60,24
20D13H042-20D14H059:3,25,3,42
20D15H023-20D17H026:30,5,45,5
20D17H001-20D18H015:20,44,35,44
20D17H026-20D18H014:28,40,40,40
20D17H031-20D19H035:62,33,62,47
20D17H033-20D20H002:45,45,58,45
20D20H002-20D21H052:33,20,33,35
20D20H021-20D20H025:28,40,40,40
20D21H033-21D01H007:60,10,60,24
20D22H055-21D01H032:33,20,33,35
20D23H055-21D01H046:50,15,65,15
21D01H013-21D04H008:3,25,3,42
21D02H016-21D05H041:10,8,24,8
21D02H053-21D03H028:9,30,20,30
21D04H026-21D05H011:3,25,3,42
21D05H041-21D07H029:45,45,58,45
21D05H052-21D07H003:45,45,58,45
21D09H027-21D12H046:20,44,35,44
21D09H045-21D10H009:28,40,40,40
21D09H046-21D11H020:15,10,15,25,25,25
21D09H048-21D13H043:15,10,15,25,25,25
21D10H015-21D11H012:62,33,62,47
21D10H034-21D11H018:50,15,65,15
21D13H017-21D14H001:15,10,15,25,25,25
21D14H021-21D16H055:28,40,40,40
21D14H023-21D17H021:33,20,33,35
21D14H027-21D16H019:36,12,36,24,48,24
21D15H020-21D16H036:50,15,65,15
21D15H051-21D16H038:28,40,40,40
21D16H039-21D19H004:3,25,3,42
21D17H011-21D17H036:45,45,58,45
21D17H025-21D19H031:3,25,3,42
21D18H002-21D21H023:28,40,40,40
21D18H018-21D18H056:10,8,24,8
21D18H037-21D18H058:15,10,15,25,25,25
21D19H013-21D21H037:60,10,60,24
21D21H030-21D22H048:3,25,3,42
21D22H045-21D23H016:40,30,55,30,55,40
22D00H017-22D04H003:33,20,33,35
22D00H045-22D03H058:33,20,33,35
22D02H011-22D02H057:45,45,58,45
22D02H041-22D05H024:28,40,40,40
22D02H048-22D05H016:50,15,65,15
22D05H006-22D06H002:5,5,5,20
22D05H056-22D06H025:60,10,60,24
22D06H004-22D09H002:28,40,40,40
22D07H030-22D09H039:28,40,40,40
22D08H041-22D10H026:10,8,24,8
22D08H041-22D10H026:30,5,45,5
22D10H039-22D12H020:20,44,35,44
22D11H008-22D14H007:9,30,20,30
22D11H038-22D11H053:20,44,35,44
22D12H002-22D12H033:10,8,24,8
22D14H050-22D16H056:45,45,58,45
22D15H056-22D19H035:3,25,3,42
22D17H008-22D17H047:30,5,45,5
22D19H025-22D21H038:62,33,62,47
22D19H044-22D22H009:10,8,24,8
22D23H001-23D01H016:36,12,36,24,48,24
22D23H024-23D03H023:50,15,65,15
23D00H012-23D01H026:60,10,60,24
23D02H039-23D05H001:9,30,20,30
23D03H006-23D04H009:9,30,20,30
23D03H006-23D04H044:60,10,60,24
23D06H037-23D10H008:45,45,58,45
23D07H014-23D10H033:45,45,58,45
23D07H023-23D10H038:36,12,36,24,48,24
23D08H026-23D10H001:28,40,40,40
23D08H034-23D09H042:60,10,60,24
23D08H046-23D10H042:28,40,40,40
23D10H019-23D10H024:10,8,24,8
23D11H022-23D13H007:3,25,3,42
23D13H025-23D16H043:20,44,35,44
23D15H004-23D18H043:33,20,33,35
23D16H035-23D20H005:3,25,3,42
23D17H047-23D18H021:62,33,62,47
23D17H050-23D17H053:10,8,24,8
23D21H044-23D23H043:10,8,24,8
23D22H022-24D01H027:10,8,24,8
23D23H013-23D23H035:62,33,62,47
24D02H013-24D02H035:28,40,40,40
24D04H047-24D08H011:15,10,15,25,25,25
24D04H048-24D05H056:5,5,5,20
24D07H009-24D09H026:60,10,60,24
24D07H026-24D09H014:33,20,33,35
24D07H030-24D10H056:33,20,33,35
24D07H038-24D11H011:30,5,45,5
24D07H045-24D11H025:50,15,65,15
24D08H001-24D09H014:20,44,35,44
24D09H052-24D09H058:10,8,24,8
24D11H003-24D14H035:40,30,55,30,55,40
24D11H047-24D12H004:3,25,3,42
24D12H031-24D14H031:62,33,62,47
24D13H028-24D14H047:5,5,5,20
24D13H036-24D13H048:36,12,36,24,48,24
24D15H005-24D18H004:33,20,33,35
24D15H037-24D17H023:28,40,40,40
24D15H041-24D19H014:20,44,35,44
24D15H044-24D19H000:10,8,24,8
24D16H053-24D17H007:62,33,62,47
24D17H044-24D18H011:9,30,20,30
24D18H053-24D20H054:10,8,24,8
25D00H052-25D04H033:20,44,35,44
25D01H029-25D05H019:9,30,20,30
25D01H051-25D04H038:28,40,40,40
25D07H046-25D09H054:62,33,62,47
25D08H055-25D12H018:9,30,20,30
25D10H014-25D12H049:33,20,33,35
25D11H019-25D14H014:5,5,5,20
25D13H006-25D13H059:36,12,36,24,48,24
25D15H049-25D16H018:33,20,33,35
25D16H039-25D17H050:5,5,5,20
25D18H057-25D20H058:9,30,20,30
25D19H047-25D22H058:62,33,62,47
25D19H048-25D20H018:30,5,45,5
25D20H058-25D22H045:36,12,36,24,48,24
25D21H012-25D22H024:15,10,15,25,25,25
25D23H020-26D01H048:40,30,55,30,55,40
26D00H020-26D02H027:60,10,60,24
26D01H019-26D01H027:60,10,60,24
26D02H002-26D03H032:62,33,62,47
26D03H014-26D03H040:15,10,15,25,25,25
26D03H027-26D03H043:33,20,33,35
26D05H020-26D06H050:36,12,36,24,48,24
26D05H032-26D08H042:9,30,20,30
26D05H036-26D06H026:62,33,62,47
26D06H056-26D07H054:28,40,40,40
26D08H023-26D12H009:28,40,40,40
26D09H021-26D11H045:60,10,60,24
26D09H027-26D12H005:15,10,15,25,25,25
26D09H056-26D11H035:15,10,15,25,25,25
26D11H024-26D13H000:30,5,45,5
26D15H052-26D19H036:15,10,15,25,25,25
26D16H008-26D18H018:5,5,5,20
26D16H033-26D16H043:20,44,35,44
26D20H059-26D23H024:36,12,36,24,48,24
26D22H026-26D23H021:3,25,3,42
26D23H003-27D02H034:15,10,15,25,25,25
26D23H052-27D00H052:10,8,24,8
26D23H054-27D02H031:30,5,45,5
27D01H016-27D04H023:60,10,60,24
27D02H021-27D03H007:20,44,35,44
27D02H023-27D04H007:20,44,35,44
27D06H054-27D09H015:33,20,33,35
27D09H022-27D11H028:33,20,33,35
27D11H002-27D14H031:10,8,24,8
27D11H036-27D13H039:10,8,24,8
27D13H057-27D14H054:40,30,55,30,55,40
27D15H010-27D16H057:33,20,33,35
27D15H033-27D18H046:28,40,40,40
27D16H030-27D20H029:5,5,5,20
27D18H033-27D19H029:20,44,35,44
27D19H000-27D19H039:28,40,40,40
27D19H044-27D21H012:9,30,20,30
27D20H004-27D20H055:15,10,15,25,25,25
27D20H057-27D23H037:5,5,5,20
27D21H004-27D22H000:45,45,58,45
27D21H047-27D23H059:60,10,60,24
27D22H054-28D01H056:9,30,20,30
27D23H026-28D02H026:62,33,62,47
28D02H023-28D05H009:20,44,35,44
28D06H054-28D10H047:33,20,33,35
28D07H055-28D08H017:28,40,40,40
28D10H016-28D12H052:60,10,60,24
28D11H012-28D14H026:36,12,36,24,48,24
28D11H021-28D14H002:10,8,24,8
28D13H024-28D16H033:20,44,35,44
28D13H044-28D15H055:62,33,62,47
28D13H050-28D14H022:15,10,15,25,25,25
28D14H045-28D18H004:30,5,45,5
28D15H004-28D18H008:62,33,62,47
28D19H057-28D21H019:5,5,5,20
28D20H057-28D21H050:50,15,65,15
28D21H018-29D00H018:36,12,36,24,48,24
28D22H000-29D01H016:5,5,5,20
28D22H024-29D01H021:33,20,33,35
28D22H053-29D02H025:9,30,20,30
28D23H049-29D01H043:15,10,15,25,25,25
29D00H027-29D02H002:9,30,20,30
29D00H050-29D02H036:5,5,5,20
29D03H031-29D03H058:40,30,55,30,55,40
29D04H023-29D07H002:9,30,20,30
29D06H033-29D09H049:36,12,36,24,48,24
29D07H053-29D10H051:60,10,60,24
29D11H049-29D15H046:36,12,36,24,48,24
29D12H013-29D12H055:62,33,62,47
29D13H024-29D17H024:45,45,58,45
29D14H001-29D16H001:9,30,20,30
29D16H016-29D17H031:10,8,24,8
29D16H022-29D18H046:30,5,45,5
29D17H011-29D17H031:45,45,58,45
29D17H056-29D18H044:28,40,40,40
29D18H038-29D20H043:28,40,40,40
29D20H048-30D00H032:50,15,65,15
29D22H001-29D23H031:28,40,40,40
29D23H059-30D00H012:50,15,65,15
30D01H044-30D03H051:40,30,55,30,55,40
30D02H017-30D04H012:28,40,40,40
30D04H015-30D08H009:3,25,3,42
30D04H037-30D05H014:9,30,20,30
30D11H028-30D15H000:3,25,3,42
30D12H013-30D15H018:10,8,24,8
30D13H049-30D17H015:9,30,20,30
30D14H057-30D15H044:10,8,24,8
30D15H018-30D16H027:33,20,33,35
30D15H055-30D16H039:45,45,58,45
30D17H054-30D20H054:3,25,3,42
30D19H037-30D21H028:15,10,15,25,25,25
30D20H010-30D22H039:33,20,33,35
30D20H052-30D23H059:45,45,58,45
30D22H020-30D23H059:60,10,60,24
30D23H047-30D23H059:10,8,24,8
