01D00H028-01D03H053:40,30,55,30,55,40
01D00H029-01D00H048:28,40,40,40
01D00H047-01D02H053:28,40,40,40
01D01H042-01D04H017:5,5,5,20
01D02H028-01D05H025:10,8,24,8
01D03H048-01D05H025:30,5,45,5
01D03H050-01D06H015:30,5,45,5
01D05H005-01D07H004:20,44,35,44
01D06H022-01D09H029:30,5,45,5
01D08H004-01D10H013:62,33,62,47
01D08H027-01D09H054:9,30,20,30
01D09H021-01D11H047:5,5,5,20
01D10H017-01D11H013:28,40,40,40
01D10H045-01D10H058:40,30,55,30,55,40
01D11H022-01D12H022:33,20,33,35
01D11H023-01D13H044:33,20,33,35
01D11H035-01D15H032:45,45,58,45
01D11H038-01D14H004:5,5,5,20
01D12H059-01D15H046:36,12,36,24,48,24
01D13H020-01D13H043:30,5,45,5
01D13H055-01D15H039:45,45,58,45
01D15H054-01D18H053:15,10,15,25,25,25
01D18H002-01D21H032:20,44,35,44
01D18H030-01D19H054:62,33,62,47
01D19H000-01D21H017:33,20,33,35
01D20H005-01D23H029:28,40,40,40
01D20H030-01D22H049:20,44,35,44
01D20H050-01D21H030:60,10,60,24
01D21H005-01D23H007:45,45,58,45
01D21H030-02D00H024:33,20,33,35
02D00H002-02D02H031:60,10,60,24
02D01H034-02D03H001:40,30,55,30,55,40
02D01H055-02D02H053:28,40,40,40
02D02H003-02D03H026:60,10,60,24
02D02H019-02D03H010:15,10,15,25,25,25
02D06H038-02D08H028:28,40,40,40
02D08H020-02D12H018:60,10,60,24
02D10H032-02D10H043:36,12,36,24,48,24
02D10H035-02D14H009:60,10,60,24
02D11H052-02D15H039:15,10,15,25,25,25
02D12H015-02D15H015:50,15,65,15
02D12H030-02D13H057:20,44,35,44
02D13H000-02D16H033:62,33,62,47
02D15H021-02D16H024:50,15,65,15
02D15H044-02D16H052:20,44,35,44
02D16H002-02D18H029:40,30,55,30,55,40
02D16H036-02D16H039:36,12,36,24,48,24
02D17H052-02D19H057:36,12,36,24,48,24
02D18H041-02D20H020:9,30,20,30
02D18H057-02D20H011:40,30,55,30,55,40
02D19H003-02D19H017:5,5,5,20
02D21H049-03D01H023:50,15,65,15
02D22H046-03D01H018:15,10,15,25,25,25
03D00H002-03D01H044:10,8,24,8
03D02H013-03D05H041:30,5,45,5
03D08H058-03D09H024:20,44,35,44
03D09H027-03D12H026:45,45,58,45
03D11H007-03D14H054:30,5,45,5
03D12H052-03D15H038:62,33,62,47
03D19H020-03D22H008:50,15,65,15
03D21H014-04D01H004:15,10,15,25,25,25
03D21H041-03D22H029:40,30,55,30,55,40
04D01H053-04D03H033:45,45,58,45
04D04H049-04D08H021:20,44,35,44
04D05H044-04D08H048:45,45,58,45
04D06H001-04D08H018:36,12,36,24,48,24
04D06H025-04D06H054:62,33,62,47
04D08H030-04D12H016:36,12,36,24,48,24
04D08H036-04D08H059:60,10,60,24
04D09H015-04D13H005:10,8,24,8
04D13H058-04D14H041:33,20,33,35
04D19H029-04D22H031:45,45,58,45
04D19H038-04D22H034:5,5,5,20
04D20H050-04D22H018:15,10,15,25,25,25
04D23H022-04D23H031:28,40,40,40
04D23H048-04D23H059:10,8,24,8
05D00H024-05D01H019:36,12,36,24,48,24
05D01H005-05D03H013:15,10,15,25,25,25
05D01H042-05D04H009:60,10,60,24
05D03H008-05D05H045:20,44,35,44
05D05H039-05D06H047:33,20,33,35
05D06H010-05D07H004:60,10,60,24
05D07H038-05D11H002:33,20,33,35
05D07H041-05D10H052:15,10,15,25,25,25
05D09H043-05D12H022:9,30,20,30
05D10H023-05D13H004:15,10,15,25,25,25
05D10H033-05D11H003:33,20,33,35
05D11H050-05D13H008:33,20,33,35
05D12H039-05D12H053:30,5,45,5
05D15H028-05D18H035:40,30,55,30,55,40
05D18H000-05D18H005:40,30,55,30,55,40
05D18H048-05D19H032:28,40,40,40
05D20H006-05D22H043:62,33,62,47
05D20H056-06D00H023:36,12,36,24,48,24
05D22H035-06D00H020:30,5,45,5
05D23H044-06D01H047:3,25,3,42
05D23H046-06D02H015:10,8,24,8
06D00H005-06D02H044:9,30,20,30
06D00H046-06D04H014:9,30,20,30
06D02H006-06D04H006:60,10,60,24
06D03H006-06D05H031:28,40,40,40
06D03H059-06D04H051:30,5,45,5
06D04H058-06D08H032:20,44,35,44
06D05H000-06D06H043:15,10,15,25,25,25
06D05H054-06D07H008:20,44,35,44
06D07H017-06D10H055:60,10,60,24
06D08H003-06D10H039:20,44,35,44
06D09H027-06D12H011:36,12,36,24,48,24
06D10H027-06D12H010:5,5,5,20
06D12H017-06D14H009:5,5,5,20
06D19H047-06D23H005:60,10,60,24
06D21H041-06D23H007:9,30,20,30
06D22H042-07D01H055:40,30,55,30,55,40
06D23H002-06D23H054:20,44,35,44
06D23H052-07D02H006:30,5,45,5
07D01H056-07D02H020:62,33,62,47
07D04H004-07D04H057:60,10,60,24
07D04H009-07D06H002:28,40,40,40
07D04H039-07D05H050:10,8,24,8
07D08H002-07D10H026:33,20,33,35
07D09H005-07D10H055:36,12,36,24,48,24
07D11H001-07D11H040:30,5,45,5
07D12H002-07D15H006:30,5,45,5
07D15H042-07D18H020:62,33,62,47
07D15H043-07D17H019:20,44,35,44
07D17H009-07D19H044:28,40,40,40
07D17H013-07D19H017:36,12,36,24,48,24
07D17H032-07D21H006:36,12,36,24,48,24
07D18H051-07D20H007:50,15,65,15
07D18H052-07D21H010:10,8,24,8
07D19H057-07D23H056:3,25,3,42
07D21H025-08D00H012:60,10,60,24
07D23H021-08D02H031:36,12,36,24,48,24
07D23H028-08D02H034:36,12,36,24,48,24
08D01H012-08D01H047:9,30,20,30
08D01H042-08D03H002:60,10,60,24
08D02H020-08D03H022:15,10,15,25,25,25
08D05H023-08D07H048:10,8,24,8
08D05H028-08D07H051:60,10,60,24
08D06H058-08D09H004:20,44,35,44
08D07H050-08D08H008:50,15,65,15
08D09H026-08D09H032:20,44,35,44
08D12H002-08D13H031:9,30,20,30
08D13H025-08D15H043:40,30,55,30,55,40
08D14H009-08D15H033:33,20,33,35
08D16H052-08D20H006:33,20,33,35
08D17H011-08D19H015:62,33,62,47
08D17H024-08D20H026:40,30,55,30,55,40
08D17H028-08D17H048:28,40,40,40
08D20H032-08D21H034:50,15,65,15
08D21H018-08D22H040:50,15,65,15
08D22H038-09D00H031:45,45,58,45
08D22H042-08D23H040:10,8,24,8
08D23H014-09D02H040:50,15,65,15
08D23H018-09D03H007:36,12,36,24,48,24
08D23H023-08D23H039:40,30,55,30,55,40
09D00H029-09D02H035:20,44,35,44
09D00H046-09D03H039:20,44,35,44
09D02H030-09D05H010:60,10,60,24
09D02H031-09D04H009:20,44,35,44
09D02H043-09D04H031:3,25,3,42
09D02H045-09D04H055:36,12,36,24,48,24
09D03H040-09D07H004:10,8,24,8
09D05H026-09D08H055:45,45,58,45
09D07H041-09D08H007:30,5,45,5
09D07H042-09D10H027:9,30,20,30
09D08H007-09D10H011:15,10,15,25,25,25
09D12H002-09D14H012:20,44,35,44
09D12H041-09D16H040:40,30,55,30,55,40
09D16H030-09D19H055:3,25,3,42
09D18H039-09D19H040:5,5,5,20
09D18H042-09D21H056:60,10,60,24
09D19H018-09D22H032:50,15,65,15
09D21H059-09D22H000:50,15,65,15
09D22H030-10D00H037:5,5,5,20
09D23H021-10D00H042:3,25,3,42
09D23H028-10D00H011:36,12,36,24,48,24
09D23H050-10D00H045:45,45,58,45
09D23H058-10D01H007:36,12,36,24,48,24
10D00H027-10D03H022:9,30,20,30
10D01H012-10D05H011:28,40,40,40
10D01H040-10D03H005:36,12,36,24,48,24
10D01H054-10D04H044:3,25,3,42
10D04H004-10D04H018:36,12,36,24,48,24
10D04H037-10D04H053:30,5,45,5
10D05H040-10D09H004:20,44,35,44
10D07H038-10D08H004:3,25,3,42
10D09H003-10D10H044:45,45,58,45
10D09H004-10D12H024:5,5,5,20
10D09H055-10D13H039:36,12,36,24,48,24
10D15H037-10D18H052:36,12,36,24,48,24
10D16H027-10D18H030:15,10,15,25,25,25
10D18H006-10D19H040:10,8,24,8
10D20H024-10D23H051:20,44,35,44
10D22H009-10D23H008:33,20,33,35
10D22H023-10D22H045:36,12,36,24,48,24
10D22H025-11D00H057:9,30,20,30
10D23H051-11D03H002:10,8,24,8
11D03H018-11D06H000:36,12,36,24,48,24
11D03H031-11D04H005:50,15,65,15
11D05H038-11D08H055:40,30,55,30,55,40
11D06H022-11D08H035:15,10,15,25,25,25
11D07H047-11D11H036:20,44,35,44
11D08H035-11D11H016:20,44,35,44
11D08H037-11D12H013:40,30,55,30,55,40
11D09H019-11D12H003:3,25,3,42
11D09H051-11D10H027:50,15,65,15
11D11H027-11D12H020:60,10,60,24
11D12H001-11D12H002:50,15,65,15
11D12H011-11D13H021:20,44,35,44
11D13H005-11D13H023:62,33,62,47
11D14H052-11D17H059:20,44,35,44
11D15H002-11D19H001:60,10,60,24
11D15H016-11D16H024:20,44,35,44
11D15H017-11D18H035:40,30,55,30,55,40
11D18H015-11D21H007:28,40,40,40
11D19H045-11D22H026:9,30,20,30
11D20H022-11D20H052:62,33,62,47
11D21H031-11D21H059:33,20,33,35
11D21H042-11D23H058:60,10,60,24
11D23H031-11D23H055:28,40,40,40
12D03H052-12D04H042:9,30,20,30
12D06H006-12D07H012:36,12,36,24,48,24
12D10H036-12D11H059:40,30,55,30,55,40
12D11H013-12D11H042:62,33,62,47
12D12H047-12D13H036:50,15,65,15
12D13H031-12D16H051:45,45,58,45
12D14H024-12D14H037:50,15,65,15
12D14H037-12D15H058:60,10,60,24
12D14H049-12D17H000:50,15,65,15
12D15H027-12D15H036:5,5,5,20
12D17H005-12D17H018:33,20,33,35
12D17H017-12D19H045:36,12,36,24,48,24
12D17H058-12D21H028:60,10,60,24
12D18H014-12D19H050:15,10,15,25,25,25
12D18H029-12D22H008:9,30,20,30
12D18H031-12D20H015:28,40,40,40
12D19H044-12D23H035:60,10,60,24
12D20H056-12D21H003:60,10,60,24
13D00H044-13D02H001:30,5,45,5
13D02H047-13D03H015:60,10,60,24
13D02H052-13D04H011:30,5,45,5
13D03H038-13D06H011:15,10,15,25,25,25
13D04H011-13D07H057:9,30,20,30
13D04H017-13D06H017:33,20,33,35
13D06H020-13D09H046:9,30,20,30
13D07H025-13D07H055:62,33,62,47
13D07H027-13D10H059:15,10,15,25,25,25
13D07H046-13D09H029:30,5,45,5
13D10H018-13D13H008:33,20,33,35
13D11H035-13D14H015:45,45,58,45
13D12H020-13D12H058:5,5,5,20
13D13H059-13D17H001:20,44,35,44
13D17H007-13D19H038:10,8,24,8
13D19H010-13D19H028:60,10,60,24
13D19H037-13D20H033:62,33,62,47
13D22H003-13D23H037:36,12,36,24,48,24
13D22H015-14D00H036:5,5,5,20
13D22H052-14D02H028:36,12,36,24,48,24
13D22H056-14D02H029:60,10,60,24
13D23H020-14D01H035:33,20,33,35
13D23H026-14D02H047:9,30,20,30
13D23H058-14D03H041:9,30,20,30
14D01H001-14D04H020:40,30,55,30,55,40
14D01H046-14D02H022:50,15,65,15
14D02H002-14D05H005:5,5,5,20
14D02H058-14D05H026:45,45,58,45
14D02H059-14D03H040:10,8,24,8
14D03H009-14D04H006:20,44,35,44
14D03H011-14D03H054:60,10,60,24
14D03H021-14D04H024:30,5,45,5
14D04H025-14D08H007:9,30,20,30
14D05H000-14D05H045:62,33,62,47
14D06H056-14D10H014:36,12,36,24,48,24
14D09H027-14D11H056:30,5,45,5
14D11H022-14D11H026:3,25,3,42
14D12H028-14D13H000:30,5,45,5
14D12H049-14D14H033:40,30,55,30,55,40
14D15H026-14D17H017:60,10,60,24
14D16H042-14D18H014:36,12,36,24,48,24
14D17H055-14D21H000:30,5,45,5
14D20H032-14D21H044:3,25,3,42
14D20H053-14D21H043:50,15,65,15
14D21H003-14D23H033:20,44,35,44
14D21H027-14D22H035:10,8,24,8
15D00H059-15D01H057:60,10,60,24
15D03H053-15D07H052:40,30,55,30,55,40
15D06H047-15D09H059:33,20,33,35
15D07H029-15D09H056:10,8,24,8
15D07H049-15D09H009:60,10,60,24
15D09H040-15D12H038:33,20,33,35
15D11H026-15D12H003:45,45,58,45
15D12H013-15D14H031:15,10,15,25,25,25
15D13H000-15D15H003:50,15,65,15
15D14H019-15D15H033:30,5,45,5
15D15H031-15D18H002:62,33,62,47
15D15H040-15D19H029:36,12,36,24,48,24
15D17H039-15D20H053:33,20,33,35
15D18H023-15D20H029:45,45,58,45
15D18H032-15D20H048:60,10,60,24
15D18H053-15D22H047:50,15,65,15
15D18H057-15D22H040:20,44,35,44
15D21H013-15D23H004:33,20,33,35
15D22H051-16D01H024:50,15,65,15
16D00H014-16D02H018:10,8,24,8
16D03H012-16D06H010:40,30,55,30,55,40
16D03H037-16D04H044:28,40,40,40
16D03H054-16D07H036:50,15,65,15
16D04H021-16D05H055:10,8,24,8
16D05H052-16D09H051:28,40,40,40
16D06H002-16D07H050:33,20,33,35
16D09H034-16D10H005:3,25,3,42
16D10H022-16D12H023:45,45,58,45
16D14H036-16D18H005:10,8,24,8
16D14H057-16D17H045:3,25,3,42
16D18H034-16D20H005:62,33,62,47
16D20H038-16D23H023:5,5,5,20
16D22H034-17D00H019:3,25,3,42
16D22H051-16D23H031:15,10,15,25,25,25
16D23H003-17D01H012:20,44,35,44
16D23H006-17D02H006:20,44,35,44
17D00H020-17D03H052:62,33,62,47
17D00H029-17D03H026:28,40,40,40
17D01H011-17D02H042:36,12,36,24,48,24
17D01H040-17D04H009:5,5,5,20
17D03H044-17D04H046:45,45,58,45
17D04H012-17D07H039:50,15,65,15
17D05H018-17D07H016:30,5,45,5
17D06H014-17D09H023:9,30,20,30
17D06H037-17D07H056:3,25,3,42
17D07H013-17D10H015:36,12,36,24,48,24
17D08H052-17D12H021:10,8,24,8
17D09H031-17D13H021:60,10,60,24
17D13H051-17D14H025:15,10,15,25,25,25
17D17H027-17D20H010:40,30,55,30,55,40
17D20H017-17D21H038:50,15,65,15
17D21H035-17D23H045:9,30,20,30
17D22H018-17D23H003:50,15,65,15
17D23H019-18D01H002:40,30,55,30,55,40
17D23H021-18D00H032:62,33,62,47
18D00H038-18D04H023:15,10,15,25,25,25
18D00H038-18D04H023:9,30,20,30
18D00H058-18D03H051:15,10,15,25,25,25
18D02H008-18D05H029:10,8,24,8
18D02H040-18D05H011:28,40,40,40
18D04H001-18D05H022:9,30,20,30
18D04H004-18D05H044:28,40,40,40
18D09H010-18D10H032:28,40,40,40
18D10H041-18D12H002:28,40,40,40
18D10H044-18D11H042:28,40,40,40
18D10H046-18D13H016:60,10,60,24
18D11H012-18D12H026:20,44,35,44
18D11H050-18D15H044:40,30,55,30,55,40
18D12H024-18D12H057:36,12,36,24,48,24
18D12H057-18D14H056:30,5,45,5
18D15H058-18D16H039:28,40,40,40
18D17H034-18D20H052:45,45,58,45
18D18H047-18D21H012:62,33,62,47
18D19H012-18D20H006:28,40,40,40
18D21H037-18D23H041:20,44,35,44
18D23H006-19D01H035:28,40,40,40
18D23H007-19D00H030:9,30,20,30
18D23H008-19D01H038:33,20,33,35
18D23H055-19D03H022:20,44,35,44
19D00H011-19D02H028:50,15,65,15
19D01H030-19D04H053:9,30,20,30
19D01H051-19D04H002:30,5,45,5
19D04H025-19D04H028:15,10,15,25,25,25
19D05H008-19D08H039:40,30,55,30,55,40
19D05H036-19D06H018:36,12,36,24,48,24
19D05H040-19D07H038:36,12,36,24,48,24
19D09H051-19D10H014:10,8,24,8
19D09H053-19D13H034:36,12,36,24,48,24
19D10H012-19D13H051:20,44,35,44
19D11H039-19D12H051:45,45,58,45
19D13H027-19D13H029:3,25,3,42
19D15H021-19D16H027:50,15,65,15
19D16H055-19D19H055:30,5,45,5
19D17H004-19D17H035:20,44,35,44
19D18H045-19D22H011:30,5,45,5
19D19H028-19D20H056:20,44,35,44
19D21H010-19D22H034:10,8,24,8
19D21H030-20D01H000:40,30,55,30,55,40
19D23H004-20D01H012:62,33,62,47
20D04H018-20D06H045:36,12,36,24,48,24
20D08H055-20D12H024:3,25,3,42
20D11H003-20D11H046:10,8,24,8
20D11H023-20D12H043:33,20,33,35
20D13H051-20D14H031:60,10,60,24
20D14H013-20D17H046:10,8,24,8
20D14H029-20D18H000:40,30,55,30,55,40
20D15H022-20D19H003:45,45,58,45
20D15H023-20D17H005:3,25,3,42
20D19H058-20D22H040:20,44,35,44
20D22H021-20D22H044:9,30,20,30
20D23H043-21D03H035:10,8,24,8
21D00H000-21D00H008:30,5,45,5
21D00H025-21D04H008:40,30,55,30,55,40
21D01H012-21D01H030:15,10,15,25,25,25
21D06H026-21D08H016:20,44,35,44
21D06H049-21D09H059:3,25,3,42
21D07H029-21D10H007:20,44,35,44
21D07H048-21D08H037:45,45,58,45
21D08H050-21D11H019:20,44,35,44
21D09H009-21D09H033:10,8,24,8
21D11H003-21D11H055:50,15,65,15
21D14H016-21D17H026:9,30,20,30
21D15H025-21D18H019:15,10,15,25,25,25
21D15H037-21D18H009:15,10,15,25,25,25
21D16H010-21D19H043:10,8,24,8
21D20H004-21D23H019:36,12,36,24,48,24
21D21H012-21D21H049:28,40,40,40
21D23H034-22D01H020:15,10,15,25,25,25
22D00H029-22D04H016:20,44,35,44
22D00H057-22D03H013:50,15,65,15
22D01H035-22D01H039:10,8,24,8
22D02H032-22D03H047:15,10,15,25,25,25
22D04H044-22D07H014:20,44,35,44
22D06H047-22D07H004:45,45,58,45
22D09H008-22D09H028:30,5,45,5
22D10H010-22D13H038:30,5,45,5
22D12H034-22D15H058:36,12,36,24,48,24
22D14H028-22D17H006:30,5,45,5
22D15H005-22D16H000:36,12,36,24,48,24
22D15H059-22D19H053:45,45,58,45
22D16H018-22D17H047:50,15,65,15
22D17H022-22D20H001:62,33,62,47
22D19H007-22D20H037:45,45,58,45
22D20H034-22D21H015:62,33,62,47
22D21H019-22D21H058:36,12,36,24,48,24
22D21H030-22D22H026:15,10,15,25,25,25
22D22H010-23D00H059:15,10,15,25,25,25
22D23H023-23D02H051:15,10,15,25,25,25
23D02H055-23D04H024:9,30,20,30
23D05H013-23D06H029:62,33,62,47
23D07H018-23D11H013:40,30,55,30,55,40
23D08H015-23D12H012:3,25,3,42
23D08H031-23D11H053:30,5,45,5
23D09H011-23D11H021:33,20,33,35
23D09H030-23D12H055:3,25,3,42
23D11H033-23D14H010:3,25,3,42
23D12H046-23D16H028:10,8,24,8
23D12H050-23D15H047:9,30,20,30
23D13H052-23D14H028:20,44,35,44
23D13H052-23D15H050:36,12,36,24,48,24
23D18H032-23D20H045:36,12,36,24,48,24
23D19H020-23D20H022:10,8,24,8
23D20H006-23D20H051:10,8,24,8
23D21H035-24D00H056:5,5,5,20
23D21H047-23D23H013:20,44,35,44
23D21H057-23D22H051:40,30,55,30,55,40
23D23H028-24D02H057:10,8,24,8
24D01H004-24D02H005:50,15,65,15
24D01H040-24D04H014:20,44,35,44
24D02H039-24D05H001:3,25,3,42
24D03H022-24D04H040:20,44,35,44
24D04H052-24D06H039:60,10,60,24
24D05H022-24D07H048:40,30,55,30,55,40
24D06H018-24D09H058:33,20,33,35
24D07H020-24D07H021:50,15,65,15
24D07H029-24D09H003:33,20,33,35
24D09H039-24D13H039:60,10,60,24
24D16H025-24D19H005:3,25,3,42
24D18H003-24D19H005:9,30,20,30
24D18H010-24D20H041:40,30,55,30,55,40
24D19H056-24D21H037:3,25,3,42
24D21H030-24D22H045:62,33,62,47
24D23H041-25D02H040:15,10,15,25,25,25
25D00H036-25D01H007:50,15,65,15
25D00H054-25D01H055:40,30,55,30,55,40
25D01H016-25D05H006:10,8,24,8
25D03H010-25D07H010:3,25,3,42
25D05H042-25D07H020:28,40,40,40
25D06H047-25D07H008:60,10,60,24
25D09H033-25D10H039:40,30,55,30,55,40
25D12H014-25D12H022:40,30,55,30,55,40
25D12H029-25D14H043:20,44,35,44
25D13H013-25D14H029:15,10,15,25,25,25
25D13H031-25D15H023:33,20,33,35
25D13H042-25D15H018:50,15,65,15
25D14H053-25D16H029:10,8,24,8
25D15H050-25D19H019:5,5,5,20
25D16H027-25D16H053:28,40,40,40
25D16H042-25D20H012:60,10,60,24
25D16H054-25D18H018:50,15,65,15
25D19H022-25D21H008:5,5,5,20
25D22H052-25D23H056:36,12,36,24,48,24
26D00H004-26D03H037:3,25,3,42
26D00H034-26D01H050:45,45,58,45
26D01H048-26D04H033:28,40,40,40
26D05H015-26D08H004:5,5,5,20
26D05H018-26D09H003:33,20,33,35
26D07H007-26D08H007:60,10,60,24
26D07H055-26D11H030:62,33,62,47
26D08H040-26D08H043:62,33,62,47
26D08H041-26D09H040:60,10,60,24
26D08H052-26D12H011:20,44,35,44
26D09H040-26D12H050:62,33,62,47
26D12H045-26D16H037:3,25,3,42
26D12H059-26D13H047:28,40,40,40
26D15H039-26D17H056:40,30,55,30,55,40
26D15H051-26D18H045:33,20,33,35
26D16H030-26D18H043:45,45,58,45
26D18H055-26D19H056:40,30,55,30,55,40
26D20H036-27D00H026:9,30,20,30
26D22H050-27D00H016:15,10,15,25,25,25
26D23H052-27D03H003:15,10,15,25,25,25
27D02H008-27D05H019:33,20,33,35
27D03H028-27D04H001:20,44,35,44
27D03H030-27D04H049:33,20,33,35
27D03H054-27D04H013:20,44,35,44
27D04H028-27D08H000:36,12,36,24,48,24
27D05H049-27D07H008:36,12,36,24,48,24
27D05H056-27D08H015:3,25,3,42
27D06H007-27D07H051:36,12,36,24,48,24
27D06H008-27D09H030:36,12,36,24,48,24
27D06H010-27D07H024:9,30,20,30
27D06H014-27D06H022:36,12,36,24,48,24
27D08H043-27D12H028:62,33,62,47
27D11H026-27D13H059:28,40,40,40
27D11H056-27D15H006:60,10,60,24
27D15H027-27D17H001:9,30,20,30
27D15H051-27D19H016:33,20,33,35
27D17H011-27D19H045:28,40,40,40
27D17H023-27D20H015:28,40,40,40
27D19H028-27D21H019:50,15,65,15
27D19H033-27D20H037:28,40,40,40
27D19H059-27D20H054:15,10,15,25,25,25
27D20H053-27D21H025:40,30,55,30,55,40
27D21H021-28D01H004:60,10,60,24
27D22H028-28D00H014:33,20,33,35
27D22H034-28D02H012:28,40,40,40
27D22H058-28D01H029:33,20,33,35
27D23H033-28D00H004:3,25,3,42
28D01H049-28D02H034:30,5,45,5
28D02H000-28D03H018:60,10,60,24
28D02H002-28D02H040:30,5,45,5
28D05H004-28D07H038:28,40,40,40
28D05H015-28D06H009:15,10,15,25,25,25
28D05H034-28D07H048:40,30,55,30,55,40
28D05H041-28D07H002:36,12,36,24,48,24
28D06H003-28D09H030:60,10,60,24
28D06H015-28D10H011:33,20,33,35
28D06H041-28D08H030:9,30,20,30
28D08H044-28D11H033:40,30,55,30,55,40
28D09H019-28D11H042:36,12,36,24,48,24
28D09H047-28D13H022:20,44,35,44
28D09H054-28D09H056:62,33,62,47
28D11H052-28D15H033:60,10,60,24
28D12H011-28D14H037:45,45,58,45
28D13H028-28D17H018:5,5,5,20
28D16H004-28D16H036:40,30,55,30,55,40
28D16H026-28D16H033:62,33,62,47
28D16H056-28D18H050:40,30,55,30,55,40
28D19H024-28D21H029:3,25,3,42
28D20H014-28D21H002:28,40,40,40
28D20H022-28D21H045:62,33,62,47
28D20H053-28D22H017:36,12,36,24,48,24
28D21H007-29D00H018:30,5,45,5
29D01H030-29D03H010:5,5,5,20
29D01H041-29D04H058:33,20,33,35
29D02H044-29D03H012:20,44,35,44
29D03H049-29D06H005:45,45,58,45
29D04H043-29D05H046:33,20,33,35
29D04H049-29D08H042:3,25,3,42
29D07H043-29D10H014:20,44,35,44
29D09H031-29D12H057:15,10,15,25,25,25
29D10H031-29D14H027:30,5,45,5
29D11H002-29D13H019:30,5,45,5
29D11H042-29D13H050:40,30,55,30,55,40
29D14H024-29D18H021:5,5,5,20
29D17H038-29D19H020:10,8,24,8
29D21H030-29D22H050:3,25,3,42
30D01H009-30D01H043:45,45,58,45
30D04H036-30D08H014:45,45,58,45
30D06H036-30D07H028:30,5,45,5
30D06H043-30D09H038:3,25,3,42
30D07H016-30D10H019:30,5,45,5
30D07H017-30D08H011:50,15,65,15
30D07H041-30D09H058:9,30,20,30
30D07H056-30D10H035:62,33,62,47
30D11H035-30D12H014:10,8,24,8
30D12H000-30D14H052:9,30,20,30
30D12H041-30D15H057:33,20,33,35
30D14H024-30D15H057:60,10,60,24
30D14H037-30D15H043:62,33,62,47
30D14H057-30D15H051:15,10,15,25,25,25
30D15H001-30D17H012:10,8,24,8
30D15H053-30D19H043:50,15,65,15
30D21H001-30D23H059:40,30,55,30,55,40
30D22H030-30D23H059:3,25,3,42
30D23H004-30D23H024:36,12,36,24,48,24
30D23H034-30D23H059:20,44,35,44
30D23H035-30D23H059:62,33,62,47
