01D03H014-01D03H040:28,40,40,40
01D03H023-01D07H023:36,12,36,24,48,24
01D04H036-01D07H002:62,33,62,47
01D05H054-01D06H026:62,33,62,47
01D06H049-01D09H034:20,44,35,44
01D07H015-01D10H054:15,10,15,25,25,25
01D07H037-01D10H049:36,12,36,24,48,24
01D08H015-01D08H053:45,45,58,45
01D12H018-01D15H043:36,12,36,24,48,24
01D12H019-01D16H015:3,25,3,42
01D13H031-01D15H057:36,12,36,24,48,24
01D14H026-01D16H008:45,45,58,45
01D14H040-01D16H044:10,8,24,8
01D15H041-01D18H056:36,12,36,24,48,24
01D15H050-01D17H033:3,25,3,42
01D16H009-01D16H043:15,10,15,25,25,25
01D18H034-01D21H018:15,10,15,25,25,25
01D19H034-01D21H059:36,12,36,24,48,24
01D19H046-01D20H051:30,5,45,5
01D21H009-01D23H008:36,12,36,24,48,24
01D22H017-01D23H011:30,5,45,5
01D22H025-01D23H028:5,5,5,20
02D03H049-02D06H056:15,10,15,25,25,25
02D05H016-02D07H033:30,5,45,5
02D05H038-02D07H027:40,30,55,30,55,40
02D06H013-02D07H057:62,33,62,47
02D06H023-02D08H020:36,12,36,24,48,24
02D10H025-02D10H035:3,25,3,42
02D10H048-02D13H009:20,44,35,44
02D13H010-02D16H040:50,15,65,15
02D13H059-02D14H047:62,33,62,47
02D14H011-02D18H005:40,30,55,30,55,40
02D15H004-02D17H038:5,5,5,20
02D15H038-02D18H056:28,40,40,40
02D15H044-02D19H017:20,44,35,44
02D16H025-02D20H011:50,15,65,15
02D16H042-02D17H036:33,20,33,35
02D17H019-02D20H004:9,30,20,30
02D18H025-02D19H055:20,44,35,44
02D23H006-03D00H010:33,20,33,35
03D04H047-03D04H056:62,33,62,47
03D05H021-03D07H010:50,15,65,15
03D06H013-03D06H022:60,10,60,24
03D06H027-03D09H037:15,10,15,25,25,25
03D06H043-03D10H013:60,10,60,24
03D07H001-03D11H000:3,25,3,42
03D07H007-03D10H006:50,15,65,15
03D07H010-03D10H036:40,30,55,30,55,40
03D07H020-03D08H013:50,15,65,15
03D07H039-03D10H034:45,45,58,45
03D10H006-03D11H016:15,10,15,25,25,25
03D11H017-03D12H052:3,25,3,42
03D12H035-03D13H002:40,30,55,30,55,40
03D13H039-03D15H001:30,5,45,5
03D13H039-03D16H012:5,5,5,20
03D14H022-03D15H052:60,10,60,24
03D15H044-03D17H023:33,20,33,35
03D16H041-03D16H050:5,5,5,20
03D17H003-03D18H007:28,40,40,40
03D17H005-03D20H036:15,10,15,25,25,25
03D18H036-03D18H041:62,33,62,47
03D18H057-03D22H008:33,20,33,35
03D20H009-03D22H048:9,30,20,30
03D20H012-03D21H026:36,12,36,24,48,24
03D21H034-04D01H005:28,40,40,40
03D21H047-03D23H002:62,33,62,47
03D21H047-04D00H053:50,15,65,15
03D23H049-04D03H021:50,15,65,15
04D00H004-04D00H049:5,5,5,20
04D00H023-04D04H013:30,5,45,5
04D00H047-04D02H042:30,5,45,5
04D01H040-04D05H003:15,10,15,25,25,25
04D03H037-04D06H018:45,45,58,45
04D04H017-04D06H040:45,45,58,45
04D04H022-04D05H018:20,44,35,44
04D05H023-04D07H012:15,10,15,25,25,25
04D05H028-04D09H017:30,5,45,5
04D06H057-04D09H049:36,12,36,24,48,24
04D08H007-04D09H021:40,30,55,30,55,40
04D09H032-04D13H024:30,5,45,5
04D11H013-04D14H014:10,8,24,8
04D13H011-04D16H019:3,25,3,42
04D14H010-04D17H023:20,44,35,44
04D16H001-04D19H035:28,40,40,40
04D16H005-04D16H018:60,10,60,24
04D16H046-04D18H002:33,20,33,35
04D18H047-04D19H018:33,20,33,35
04D20H028-04D21H040:3,25,3,42
04D20H037-04D20H041:62,33,62,47
04D21H016-05D00H037:33,20,33,35
04D21H025-04D21H054:9,30,20,30
04D21H045-04D22H020:10,8,24,8
04D22H027-05D01H047:9,30,20,30
05D03H050-05D05H032:60,10,60,24
05D04H014-05D07H056:15,10,15,25,25,25
05D08H058-05D10H010:20,44,35,44
05D12H012-05D14H015:20,44,35,44
05D12H058-05D16H037:3,25,3,42
05D13H048-05D13H052:60,10,60,24
05D15H036-05D19H019:36,12,36,24,48,24
05D16H011-05D16H030:36,12,36,24,48,24
05D16H022-05D19H001:3,25,3,42
05D19H036-05D21H045:45,45,58,45
05D20H024-06D00H008:60,10,60,24
05D21H008-06D00H011:3,25,3,42
05D21H023-06D00H048:15,10,15,25,25,25
05D22H045-05D23H017:15,10,15,25,25,25
05D23H008-06D02H002:36,12,36,24,48,24
05D23H015-06D00H059:3,25,3,42
05D23H021-06D00H007:33,20,33,35
05D23H024-06D01H002:20,44,35,44
06D00H010-06D02H039:5,5,5,20
06D00H024-06D03H027:30,5,45,5
06D01H029-06D03H039:5,5,5,20
06D05H009-06D05H043:40,30,55,30,55,40
06D05H033-06D08H021:40,30,55,30,55,40
06D05H050-06D06H026:5,5,5,20
06D06H010-06D08H010:45,45,58,45
06D07H037-06D08H006:45,45,58,45
06D10H042-06D13H049:5,5,5,20
06D11H049-06D14H030:50,15,65,15
06D12H032-06D14H016:36,12,36,24,48,24
06D15H001-06D15H010:36,12,36,24,48,24
06D17H042-06D17H043:9,30,20,30
06D17H047-06D20H027:3,25,3,42
06D18H002-06D21H012:10,8,24,8
06D18H007-06D21H028:3,25,3,42
06D18H016-06D21H054:5,5,5,20
06D18H025-06D18H044:45,45,58,45
06D19H055-06D22H028:28,40,40,40
06D20H052-07D00H035:28,40,40,40
06D21H006-06D23H026:28,40,40,40
06D23H018-07D03H005:36,12,36,24,48,24
06D23H030-07D00H047:3,25,3,42
07D00H048-07D04H000:40,30,55,30,55,40
07D02H054-07D06H038:45,45,58,45
07D03H017-07D07H011:60,10,60,24
07D03H047-07D04H006:3,25,3,42
07D04H030-07D05H049:60,10,60,24
07D04H042-07D05H004:40,30,55,30,55,40
07D05H047-07D09H037:20,44,35,44
07D08H007-07D10H023:20,44,35,44
07D09H052-07D12H040:33,20,33,35
07D11H041-07D14H030:60,10,60,24
07D12H004-07D12H050:3,25,3,42
07D12H041-07D15H048:40,30,55,30,55,40
07D13H042-07D17H023:33,20,33,35
07D13H049-07D16H015:62,33,62,47
07D14H005-07D15H049:60,10,60,24
07D16H027-07D18H032:9,30,20,30
07D17H031-07D19H033:40,30,55,30,55,40
07D18H040-07D19H049:9,30,20,30
07D18H046-07D19H002:5,5,5,20
07D20H018-07D22H059:30,5,45,5
07D22H006-08D01H018:5,5,5,20
08D02H041-08D05H039:3,25,3,42
08D04H042-08D06H034:15,10,15,25,25,25
08D05H037-08D07H011:3,25,3,42
08D06H057-08D07H019:3,25,3,42
08D07H054-08D11H025:5,5,5,20
08D09H051-08D10H003:9,30,20,30
08D13H019-08D17H001:28,40,40,40
08D14H037-08D14H041:20,44,35,44
08D15H005-08D17H051:30,5,45,5
08D15H019-08D16H002:30,5,45,5
08D16H024-08D19H029:45,45,58,45
08D18H004-08D20H014:9,30,20,30
08D18H050-08D21H020:45,45,58,45
08D20H041-08D22H019:60,10,60,24
08D21H017-08D21H027:28,40,40,40
08D21H029-08D22H023:62,33,62,47
09D00H020-09D01H017:30,5,45,5
09D01H011-09D04H021:36,12,36,24,48,24
09D04H017-09D07H044:28,40,40,40
09D05H016-09D09H004:50,15,65,15
09D07H054-09D11H023:50,15,65,15
09D08H035-09D10H017:5,5,5,20
09D08H051-09D11H030:60,10,60,24
09D09H017-09D11H057:9,30,20,30
09D11H055-09D15H053:9,30,20,30
09D12H016-09D12H053:40,30,55,30,55,40
09D12H029-09D13H022:50,15,65,15
09D15H006-09D18H012:33,20,33,35
09D17H003-09D19H021:50,15,65,15
09D17H008-09D17H010:9,30,20,30
09D19H054-09D21H012:40,30,55,30,55,40
09D21H008-09D22H012:10,8,24,8
09D22H006-10D01H017:5,5,5,20
09D23H002-10D02H038:9,30,20,30
09D23H009-09D23H058:5,5,5,20
09D23H015-10D00H054:3,25,3,42
10D02H014-10D03H006:15,10,15,25,25,25
10D02H027-10D04H026:62,33,62,47
10D02H046-10D05H001:10,8,24,8
10D04H000-10D07H030:5,5,5,20
10D04H050-10D05H012:50,15,65,15
10D05H050-10D07H052:9,30,20,30
10D07H053-10D07H057:15,10,15,25,25,25
10D08H032-10D12H026:45,45,58,45
10D09H054-10D10H035:3,25,3,42
10D10H011-10D11H039:62,33,62,47
10D12H043-10D13H027:50,15,65,15
10D14H007-10D14H008:10,8,24,8
10D14H039-10D14H050:62,33,62,47
10D16H011-10D20H005:33,20,33,35
10D17H025-10D20H042:62,33,62,47
10D18H041-10D21H058:45,45,58,45
10D21H027-10D23H004:50,15,65,15
11D02H010-11D05H016:5,5,5,20
11D02H054-11D03H028:62,33,62,47
11D03H056-11D04H052:30,5,45,5
11D07H032-11D07H046:60,10,60,24
11D07H042-11D10H038:9,30,20,30
11D08H008-11D11H048:30,5,45,5
11D09H012-11D10H037:3,25,3,42
11D09H026-11D11H024:20,44,35,44
11D09H044-11D10H027:36,12,36,24,48,24
11D11H008-11D13H011:28,40,40,40
11D11H031-11D14H030:20,44,35,44
11D15H018-11D18H031:36,12,36,24,48,24
11D16H036-11D16H047:30,5,45,5
11D19H017-11D20H057:62,33,62,47
11D20H002-11D22H020:30,5,45,5
11D23H052-12D01H015:60,10,60,24
12D00H049-12D04H027:36,12,36,24,48,24
12D02H043-12D03H034:9,30,20,30
12D03H019-12D04H019:5,5,5,20
12D03H057-12D06H030:9,30,20,30
12D05H017-12D05H049:33,20,33,35
12D05H019-12D05H041:62,33,62,47
12D08H016-12D10H032:10,8,24,8
12D08H044-12D09H046:50,15,65,15
12D09H032-12D09H056:40,30,55,30,55,40
12D09H041-12D11H028:9,30,20,30
12D10H056-12D11H049:30,5,45,5
12D10H057-12D11H058:20,44,35,44
12D12H057-12D14H042:5,5,5,20
12D13H016-12D16H028:50,15,65,15
12D13H053-12D16H019:30,5,45,5
12D14H019-12D17H038:60,10,60,24
12D14H046-12D16H026:62,33,62,47
12D15H032-12D17H046:50,15,65,15
12D16H028-12D16H053:9,30,20,30
12D18H023-12D18H054:36,12,36,24,48,24
12D19H054-12D23H014:3,25,3,42
12D20H027-12D20H039:20,44,35,44
12D23H017-13D02H008:33,20,33,35
12D23H037-12D23H053:5,5,5,20
13D00H006-13D00H013:36,12,36,24,48,24
13D01H000-13D01H056:45,45,58,45
13D03H051-13D07H015:36,12,36,24,48,24
13D04H034-13D07H044:33,20,33,35
13D05H055-13D08H056:60,10,60,24
13D07H037-13D09H021:40,30,55,30,55,40
13D07H047-13D10H033:60,10,60,24
13D07H057-13D08H006:40,30,55,30,55,40
13D11H002-13D14H007:30,5,45,5
13D12H022-13D14H038:62,33,62,47
13D12H035-13D13H003:40,30,55,30,55,40
13D13H001-13D16H042:62,33,62,47
13D18H028-13D18H031:10,8,24,8
13D19H028-13D23H017:45,45,58,45
13D19H044-13D23H042:36,12,36,24,48,24
13D21H008-14D00H042:50,15,65,15
13D23H041-14D03H014:10,8,24,8
14D00H054-14D04H036:20,44,35,44
14D04H032-14D05H016:33,20,33,35
14D05H052-14D08H047:36,12,36,24,48,24
14D09H055-14D10H014:50,15,65,15
14D10H022-14D12H031:50,15,65,15
14D10H033-14D11H005:3,25,3,42
14D10H042-14D13H055:60,10,60,24
14D16H004-14D19H033:15,10,15,25,25,25
14D16H025-14D19H036:20,44,35,44
14D18H023-14D20H020:9,30,20,30
14D21H014-14D22H057:20,44,35,44
14D23H045-15D03H002:62,33,62,47
14D23H059-15D00H013:28,40,40,40
15D00H028-15D04H003:62,33,62,47
15D00H040-15D02H019:50,15,65,15
15D00H047-15D03H008:3,25,3,42
15D00H059-15D04H021:40,30,55,30,55,40
15D01H031-15D04H047:40,30,55,30,55,40
15D02H030-15D04H023:33,20,33,35
15D05H042-15D09H018:60,10,60,24
15D06H054-15D09H023:3,25,3,42
15D09H013-15D11H053:5,5,5,20
15D10H043-15D12H055:5,5,5,20
15D10H048-15D13H054:45,45,58,45
15D13H025-15D17H006:20,44,35,44
15D15H027-15D16H059:15,10,15,25,25,25
15D15H030-15D15H049:20,44,35,44
15D20H000-15D21H059:10,8,24,8
15D23H051-16D03H000:45,45,58,45
16D00H045-16D00H057:60,10,60,24
16D00H055-16D01H037:28,40,40,40
16D01H005-16D04H007:62,33,62,47
16D01H030-16D04H034:5,5,5,20
16D03H026-16D05H056:33,20,33,35
16D04H053-16D06H018:9,30,20,30
16D06H048-16D08H058:3,25,3,42
16D06H054-16D09H034:3,25,3,42
16D07H017-16D08H059:50,15,65,15
16D07H055-16D11H046:10,8,24,8
16D07H058-16D10H011:62,33,62,47
16D08H046-16D11H017:45,45,58,45
16D09H010-16D12H052:5,5,5,20
16D10H000-16D13H047:50,15,65,15
16D10H016-16D13H042:36,12,36,24,48,24
16D11H003-16D15H000:10,8,24,8
16D12H025-16D15H042:33,20,33,35
16D14H006-16D15H002:3,25,3,42
16D16H045-16D19H037:40,30,55,30,55,40
16D17H047-16D20H019:45,45,58,45
16D18H038-16D20H000:60,10,60,24
16D20H028-17D00H022:45,45,58,45
16D21H026-16D22H050:10,8,24,8
17D00H039-17D04H004:20,44,35,44
17D02H048-17D06H013:45,45,58,45
17D03H048-17D05H035:36,12,36,24,48,24
17D04H018-17D05H006:60,10,60,24
17D06H024-17D09H059:30,5,45,5
17D08H013-17D11H039:30,5,45,5
17D09H049-17D13H013:40,30,55,30,55,40
17D11H045-17D15H003:33,20,33,35
17D14H019-17D16H006:3,25,3,42
17D14H021-17D17H025:33,20,33,35
17D15H030-17D16H023:10,8,24,8
17D16H019-17D18H040:45,45,58,45
17D21H037-17D23H015:28,40,40,40
17D22H017-17D23H010:5,5,5,20
17D22H041-18D02H029:33,20,33,35
18D00H014-18D02H045:9,30,20,30
18D00H023-18D00H045:30,5,45,5
18D02H035-18D02H045:15,10,15,25,25,25
18D03H039-18D05H023:40,30,55,30,55,40
18D04H057-18D07H050:3,25,3,42
18D05H003-18D07H009:40,30,55,30,55,40
18D05H025-18D06H033:20,44,35,44
18D05H041-18D06H042:10,8,24,8
18D06H021-18D08H013:28,40,40,40
18D09H001-18D12H050:45,45,58,45
18D09H007-18D09H013:36,12,36,24,48,24
18D13H035-18D13H039:9,30,20,30
18D13H046-18D17H007:28,40,40,40
18D14H003-18D15H036:28,40,40,40
18D14H046-18D15H004:5,5,5,20
18D14H047-18D15H000:45,45,58,45
18D15H008-18D17H007:62,33,62,47
18D15H038-18D19H030:5,5,5,20
18D16H018-18D18H012:60,10,60,24
18D18H055-18D21H003:33,20,33,35
18D19H038-18D20H012:5,5,5,20
18D21H032-19D01H005:15,10,15,25,25,25
18D21H040-18D23H057:40,30,55,30,55,40
18D21H053-18D23H035:3,25,3,42
18D22H044-19D01H055:30,5,45,5
19D02H016-19D05H039:9,30,20,30
19D02H039-19D03H009:20,44,35,44
19D03H005-19D05H037:9,30,20,30
19D03H011-19D03H035:36,12,36,24,48,24
19D04H055-19D08H003:10,8,24,8
19D07H001-19D07H025:10,8,24,8
19D07H024-19D10H013:28,40,40,40
19D07H053-19D09H048:20,44,35,44
19D08H054-19D10H024:40,30,55,30,55,40
19D11H019-19D13H047:45,45,58,45
19D12H032-19D13H021:30,5,45,5
19D12H052-19D13H032:10,8,24,8
19D13H055-19D14H031:33,20,33,35
19D14H031-19D17H040:3,25,3,42
19D14H046-19D17H058:20,44,35,44
19D16H015-19D17H041:20,44,35,44
19D16H029-19D17H033:3,25,3,42
19D17H005-19D18H054:15,10,15,25,25,25
19D17H013-19D17H051:15,10,15,25,25,25
19D17H052-19D21H040:3,25,3,42
19D17H059-19D18H012:10,8,24,8
19D19H038-19D22H034:60,10,60,24
19D22H018-20D02H018:60,10,60,24
20D00H002-20D00H047:36,12,36,24,48,24
20D00H028-20D02H011:50,15,65,15
20D02H008-20D05H053:62,33,62,47
20D02H019-20D02H038:60,10,60,24
20D02H028-20D06H013:30,5,45,5
20D03H000-20D05H008:9,30,20,30
20D03H001-20D04H033:40,30,55,30,55,40
20D04H039-20D08H005:3,25,3,42
20D05H051-20D07H043:10,8,24,8
20D06H013-20D10H010:3,25,3,42
20D07H026-20D09H021:60,10,60,24
20D09H000-20D10H047:33,20,33,35
20D09H007-20D11H053:9,30,20,30
20D09H008-20D11H044:45,45,58,45
20D10H003-20D11H041:3,25,3,42
20D11H000-20D12H053:33,20,33,35
20D11H015-20D11H041:28,40,40,40
20D12H040-20D15H011:20,44,35,44
20D15H039-20D15H048:30,5,45,5
20D16H045-20D18H022:36,12,36,24,48,24
20D16H052-20D19H033:60,10,60,24
20D18H055-20D21H033:28,40,40,40
20D19H013-20D21H007:20,44,35,44
20D19H056-20D22H020:45,45,58,45
20D20H031-20D23H056:5,5,5,20
20D22H024-21D00H014:28,40,40,40
20D22H033-21D00H012:62,33,62,47
20D22H034-21D02H026:10,8,24,8
21D00H001-21D00H027:28,40,40,40
21D01H028-21D02H004:62,33,62,47
21D01H034-21D03H012:20,44,35,44
21D01H036-21D03H047:20,44,35,44
21D02H029-21D03H009:28,40,40,40
21D04H006-21D04H014:45,45,58,45
21D04H019-21D07H034:62,33,62,47
21D04H040-21D07H034:5,5,5,20
21D07H056-21D11H024:28,40,40,40
21D10H021-21D10H056:33,20,33,35
21D10H036-21D10H053:45,45,58,45
21D12H020-21D12H027:9,30,20,30
21D16H033-21D17H002:62,33,62,47
21D17H019-21D20H020:9,30,20,30
21D18H002-21D21H007:9,30,20,30
21D19H033-21D21H001:62,33,62,47
21D21H020-21D21H031:3,25,3,42
21D22H032-21D23H057:15,10,15,25,25,25
21D23H014-22D00H036:45,45,58,45
22D00H005-22D01H014:60,10,60,24
22D00H007-22D01H025:15,10,15,25,25,25
22D01H051-22D04H019:20,44,35,44
22D04H031-22D05H050:50,15,65,15
22D05H000-22D08H048:15,10,15,25,25,25
22D07H017-22D08H036:33,20,33,35
22D08H023-22D11H049:10,8,24,8
22D09H012-22D12H024:5,5,5,20
22D11H042-22D13H012:15,10,15,25,25,25
22D15H016-22D18H003:50,15,65,15
22D15H037-22D17H041:3,25,3,42
22D16H004-22D18H057:33,20,33,35
22D18H038-22D19H050:36,12,36,24,48,24
22D20H035-22D21H002:3,25,3,42
22D21H025-23D00H029:9,30,20,30
22D21H026-22D22H034:28,40,40,40
22D23H043-23D00H019:3,25,3,42
22D23H049-23D00H055:3,25,3,42
23D00H056-23D03H057:9,30,20,30
23D01H017-23D01H051:10,8,24,8
23D02H029-23D03H059:45,45,58,45
23D02H053-23D03H054:62,33,62,47
23D03H031-23D06H024:15,10,15,25,25,25
23D04H049-23D08H047:50,15,65,15
23D05H010-23D08H046:36,12,36,24,48,24
23D05H035-23D05H055:36,12,36,24,48,24
23D08H014-23D10H016:9,30,20,30
23D12H038-23D16H012:50,15,65,15
23D14H008-23D18H004:20,44,35,44
23D14H019-23D15H020:9,30,20,30
23D14H033-23D17H001:62,33,62,47
23D15H028-23D16H007:45,45,58,45
23D17H030-23D21H017:40,30,55,30,55,40
23D19H046-23D23H025:33,20,33,35
23D19H048-23D22H008:50,15,65,15
23D21H029-23D21H031:50,15,65,15
23D22H056-24D00H025:62,33,62,47
23D23H013-24D01H025:15,10,15,25,25,25
24D00H009-24D00H029:62,33,62,47
24D00H058-24D01H025:3,25,3,42
24D08H015-24D09H038:62,33,62,47
24D09H005-24D09H031:60,10,60,24
24D09H021-24D11H002:62,33,62,47
24D09H023-24D09H053:45,45,58,45
24D12H014-24D15H006:20,44,35,44
24D15H011-24D17H006:15,10,15,25,25,25
24D16H022-24D17H043:30,5,45,5
24D17H025-24D19H051:10,8,24,8
24D18H002-24D20H016:15,10,15,25,25,25
24D19H025-24D21H016:28,40,40,40
24D23H028-25D02H039:10,8,24,8
24D23H039-25D02H016:3,25,3,42
25D00H005-25D00H031:10,8,24,8
25D00H036-25D04H003:5,5,5,20
25D01H000-25D03H032:30,5,45,5
25D06H056-25D07H015:45,45,58,45
25D07H042-25D11H021:9,30,20,30
25D08H055-25D09H042:9,30,20,30
25D09H018-25D11H025:3,25,3,42
25D12H008-25D14H003:28,40,40,40
25D14H008-25D15H049:20,44,35,44
25D19H035-25D23H032:10,8,24,8
25D20H035-25D22H001:3,25,3,42
25D22H002-26D00H016:62,33,62,47
26D01H033-26D02H044:60,10,60,24
26D03H013-26D05H040:50,15,65,15
26D06H016-26D07H001:40,30,55,30,55,40
26D07H044-26D08H016:15,10,15,25,25,25
26D08H046-26D11H044:60,10,60,24
26D09H052-26D10H001:62,33,62,47
26D10H001-26D12H019:36,12,36,24,48,24
26D11H004-26D15H000:60,10,60,24
26D11H052-26D14H034:33,20,33,35
26D12H007-26D14H009:5,5,5,20
26D12H008-26D13H007:50,15,65,15
26D14H043-26D17H008:45,45,58,45
26D15H024-26D18H014:45,45,58,45
26D15H044-26D18H004:45,45,58,45
26D15H059-26D16H048:28,40,40,40
26D17H039-26D20H015:28,40,40,40
26D19H013-26D21H030:5,5,5,20
26D19H019-26D19H037:33,20,33,35
26D19H057-26D20H008:62,33,62,47
26D21H003-27D00H016:9,30,20,30
26D22H022-26D23H043:5,5,5,20
26D23H057-27D02H018:40,30,55,30,55,40
27D00H034-27D03H044:5,5,5,20
27D00H036-27D03H024:30,5,45,5
27D02H011-27D05H057:62,33,62,47
27D05H059-27D08H002:28,40,40,40
27D07H041-27D08H039:3,25,3,42
27D08H000-27D08H054:3,25,3,42
27D08H042-27D09H049:40,30,55,30,55,40
27D08H043-27D08H048:9,30,20,30
27D09H027-27D12H045:36,12,36,24,48,24
27D09H040-27D10H000:15,10,15,25,25,25
27D10H008-27D10H011:28,40,40,40
27D11H001-27D12H033:62,33,62,47
27D12H034-27D12H038:30,5,45,5
27D13H044-27D17H043:62,33,62,47
27D16H022-27D19H007:5,5,5,20
27D17H009-27D19H003:5,5,5,20
27D17H017-27D20H049:50,15,65,15
27D21H029-27D22H018:3,25,3,42
27D21H042-27D22H023:5,5,5,20
27D23H002-28D00H050:28,40,40,40
27D23H032-28D02H049:3,25,3,42
28D00H014-28D00H036:62,33,62,47
28D00H042-28D03H059:33,20,33,35
28D01H027-28D02H001:36,12,36,24,48,24
28D04H013-28D07H027:28,40,40,40
28D04H019-28D06H007:20,44,35,44
28D05H009-28D07H010:33,20,33,35
28D06H010-28D07H034:45,45,58,45
28D07H053-28D08H016:40,30,55,30,55,40
28D07H058-28D08H029:10,8,24,8
28D08H012-28D11H030:9,30,20,30
28D09H003-28D12H034:15,10,15,25,25,25
28D10H052-28D12H049:20,44,35,44
28D12H043-28D14H027:9,30,20,30
28D14H014-28D14H037:15,10,15,25,25,25
28D16H048-28D20H042:3,25,3,42
28D17H011-28D20H042:28,40,40,40
28D19H048-28D21H006:62,33,62,47
28D19H051-28D22H040:20,44,35,44
28D19H054-28D23H047:45,45,58,45
28D23H050-29D00H029:45,45,58,45
29D00H005-29D02H040:9,30,20,30
29D03H047-29D04H040:3,25,3,42
29D04H015-29D05H056:62,33,62,47
29D04H044-29D07H043:33,20,33,35
29D05H006-29D08H023:45,45,58,45
29D05H015-29D07H035:9,30,20,30
29D05H021-29D08H016:9,30,20,30
29D06H031-29D08H009:50,15,65,15
29D06H044-29D09H024:10,8,24,8
29D09H045-29D13H008:60,10,60,24
29D09H054-29D13H034:9,30,20,30
29D11H002-29D13H002:45,45,58,45
29D11H009-29D14H020:33,20,33,35
29D17H002-29D18H046:9,30,20,30
29D18H014-29D19H035:36,12,36,24,48,24
29D20H004-29D23H050:9,30,20,30
29D22H025-30D01H054:28,40,40,40
29D23H007-30D00H045:20,44,35,44
29D23H032-30D01H044:9,30,20,30
29D23H039-30D01H022:62,33,62,47
30D00H023-30D00H034:9,30,20,30
30D00H037-30D03H057:50,15,65,15
30D01H051-30D04H052:60,10,60,24
30D03H015-30D05H042:10,8,24,8
30D03H015-30D07H011:3,25,3,42
30D05H016-30D08H015:20,44,35,44
30D07H027-30D07H034:10,8,24,8
30D09H006-30D09H024:15,10,15,25,25,25
30D09H045-30D10H005:9,30,20,30
30D10H038-30D10H049:60,10,60,24
30D14H046-30D15H031:15,10,15,25,25,25
30D15H018-30D19H002:9,30,20,30
30D15H046-30D17H047:45,45,58,45
30D16H034-30D18H057:40,30,55,30,55,40
30D16H040-30D19H024:30,5,45,5
30D17H005-30D20H045:45,45,58,45
30D17H021-30D19H035:15,10,15,25,25,25
30D20H004-30D20H033:10,8,24,8
30D20H019-30D23H022:15,10,15,25,25,25
30D22H018-30D22H030:20,44,35,44
