01D00H028-01D01H015:9,30,20,30
01D02H013-01D02H034:5,5,5,20
01D02H048-01D04H053:36,12,36,24,48,24
01D05H021-01D05H041:20,44,35,44
01D08H056-01D09H031:5,5,5,20
01D09H010-01D11H045:30,5,45,5
01D11H006-01D13H059:3,25,3,42
01D15H015-01D19H014:10,8,24,8
01D15H023-01D18H049:60,10,60,24
01D15H054-01D17H006:10,8,24,8
01D17H009-01D20H058:50,15,65,15
01D22H020-02D01H055:60,10,60,24
01D23H021-02D02H024:20,44,35,44
01D23H027-02D03H001:62,33,62,47
02D01H055-02D03H018:40,30,55,30,55,40
02D02H040-02D03H029:36,12,36,24,48,24
02D04H058-02D05H012:30,5,45,5
02D05H036-02D08H009:9,30,20,30
02D06H012-02D07H030:3,25,3,42
02D06H057-02D08H004:36,12,36,24,48,24
02D09H016-02D12H055:30,5,45,5
02D09H026-02D11H015:60,10,60,24
02D09H029-02D10H051:10,8,24,8
02D10H010-02D10H021:62,33,62,47
02D10H015-02D14H013:20,44,35,44
02D11H004-02D12H028:62,33,62,47
02D11H014-02D12H004:9,30,20,30
02D11H032-02D13H058:36,12,36,24,48,24
02D18H041-02D22H025:36,12,36,24,48,24
02D19H031-02D22H018:3,25,3,42
02D21H007-03D00H034:28,40,40,40
02D21H034-03D00H014:33,20,33,35
02D21H049-02D23H031:20,44,35,44
03D00H015-03D01H058:30,5,45,5
03D02H003-03D03H019:20,44,35,44
03D04H013-03D05H042:33,20,33,35
03D04H051-03D08H051:50,15,65,15
03D05H058-03D06H056:9,30,20,30
03D07H050-03D09H046:15,10,15,25,25,25
03D08H007-03D10H011:33,20,33,35
03D08H043-03D08H059:40,30,55,30,55,40
03D09H011-03D12H007:33,20,33,35
03D09H054-03D11H046:33,20,33,35
03D10H039-03D11H052:33,20,33,35
03D11H001-03D11H026:3,25,3,42
03D15H049-03D17H029:33,20,33,35
03D18H014-03D20H043:36,12,36,24,48,24
03D19H034-03D23H017:10,8,24,8
03D20H028-03D23H011:62,33,62,47
03D22H020-04D00H002:40,30,55,30,55,40
03D22H037-03D23H019:15,10,15,25,25,25
03D23H017-04D02H023:40,30,55,30,55,40
04D03H042-04D04H014:20,44,35,44
04D04H011-04D07H058:30,5,45,5
04D05H017-04D06H007:30,5,45,5
04D05H042-04D09H027:3,25,3,42
04D05H051-04D07H013:50,15,65,15
04D06H030-04D08H016:45,45,58,45
04D07H018-04D08H032:45,45,58,45
04D09H027-04D13H027:40,30,55,30,55,40
04D11H051-04D15H042:50,15,65,15
04D13H006-04D15H039:5,5,5,20
04D13H018-04D16H053:45,45,58,45
04D16H034-04D17H008:50,15,65,15
04D16H055-04D18H006:28,40,40,40
04D17H010-04D20H006:45,45,58,45
04D18H032-04D21H018:45,45,58,45
04D18H036-04D21H002:45,45,58,45
04D19H003-04D19H059:62,33,62,47
04D19H040-04D21H057:40,30,55,30,55,40
04D20H034-04D21H058:36,12,36,24,48,24
04D20H041-04D23H045:28,40,40,40
04D23H019-05D01H018:45,45,58,45
04D23H047-05D01H012:62,33,62,47
05D00H001-05D03H032:62,33,62,47
05D00H016-05D00H037:28,40,40,40
05D01H023-05D02H017:33,20,33,35
05D01H032-05D02H054:10,8,24,8
05D02H009-05D05H012:10,8,24,8
05D03H033-05D06H019:3,25,3,42
05D05H028-05D07H017:45,45,58,45
05D05H037-05D07H028:40,30,55,30,55,40
05D06H012-05D08H044:20,44,35,44
05D07H023-05D07H026:33,20,33,35
05D08H042-05D08H056:62,33,62,47
05D11H051-05D12H008:9,30,20,30
05D13H004-05D14H015:3,25,3,42
05D14H001-05D17H058:60,10,60,24
05D14H040-05D16H032:9,30,20,30
05D14H052-05D16H042:30,5,45,5
05D16H000-05D19H025:10,8,24,8
05D16H015-05D19H024:20,44,35,44
05D17H013-05D19H004:5,5,5,20
05D17H028-05D18H023:10,8,24,8
05D17H050-05D21H014:9,30,20,30
05D19H016-05D20H030:62,33,62,47
05D20H005-05D23H013:30,5,45,5
05D20H016-05D22H034:28,40,40,40
05D20H041-05D22H025:3,25,3,42
05D21H001-06D00H028:62,33,62,47
05D23H025-06D00H049:30,5,45,5
05D23H041-06D00H034:50,15,65,15
06D03H027-06D03H048:3,25,3,42
06D04H001-06D06H021:3,25,3,42
06D04H024-06D06H046:45,45,58,45
06D05H046-06D09H034:10,8,24,8
06D08H019-06D09H046:50,15,65,15
06D13H050-06D17H009:15,10,15,25,25,25
06D14H004-06D16H012:3,25,3,42
06D14H012-06D14H052:5,5,5,20
06D14H012-06D17H003:45,45,58,45
06D16H044-06D19H054:28,40,40,40
06D17H028-06D18H051:33,20,33,35
06D20H021-06D20H045:60,10,60,24
06D20H041-06D23H025:40,30,55,30,55,40
06D21H003-07D00H059:62,33,62,47
07D00H036-07D04H035:3,25,3,42
07D01H002-07D03H050:40,30,55,30,55,40
07D01H007-07D02H053:9,30,20,30
07D01H054-07D03H014:36,12,36,24,48,24
07D02H027-07D04H033:28,40,40,40
07D03H005-07D06H007:3,25,3,42
07D05H030-07D08H002:10,8,24,8
07D07H009-07D10H006:28,40,40,40
07D10H031-07D13H002:33,20,33,35
07D12H009-07D13H022:3,25,3,42
07D15H052-07D19H029:28,40,40,40
07D16H053-07D17H005:50,15,65,15
07D20H041-07D21H058:30,5,45,5
07D21H010-07D22H026:45,45,58,45
07D21H012-08D00H038:62,33,62,47
07D22H041-08D01H056:62,33,62,47
07D23H031-08D01H053:28,40,40,40
08D02H027-08D02H044:28,40,40,40
08D02H049-08D04H031:15,10,15,25,25,25
08D03H000-08D05H043:36,12,36,24,48,24
08D03H038-08D04H056:5,5,5,20
08D04H013-08D07H042:15,10,15,25,25,25
08D04H046-08D06H036:36,12,36,24,48,24
08D05H025-08D08H016:62,33,62,47
08D08H017-08D09H024:28,40,40,40
08D08H028-08D09H027:15,10,15,25,25,25
08D08H058-08D09H018:36,12,36,24,48,24
08D09H025-08D11H020:62,33,62,47
08D10H028-08D12H042:9,30,20,30
08D11H008-08D13H009:40,30,55,30,55,40
08D12H030-08D13H023:5,5,5,20
08D13H000-08D16H035:50,15,65,15
08D16H006-08D17H012:60,10,60,24
08D20H012-08D23H018:33,20,33,35
08D20H019-08D23H044:28,40,40,40
08D22H008-08D23H002:28,40,40,40
08D22H010-09D01H044:20,44,35,44
08D22H013-08D22H019:36,12,36,24,48,24
08D22H036-09D00H047:15,10,15,25,25,25
08D23H008-09D01H019:60,10,60,24
08D23H024-09D01H034:10,8,24,8
09D00H059-09D03H045:9,30,20,30
09D01H001-09D02H008:3,25,3,42
09D01H009-09D05H003:3,25,3,42
09D02H016-09D03H055:5,5,5,20
09D04H029-09D05H017:28,40,40,40
09D06H059-09D07H016:40,30,55,30,55,40
09D08H018-09D10H037:36,12,36,24,48,24
09D08H028-09D11H052:3,25,3,42
09D09H007-09D12H044:62,33,62,47
09D10H028-09D13H016:15,10,15,25,25,25
09D11H033-09D12H054:62,33,62,47
09D12H008-09D14H002:5,5,5,20
09D12H050-09D14H036:15,10,15,25,25,25
09D13H053-09D15H042:33,20,33,35
09D15H003-09D16H018:9,30,20,30
09D16H036-09D19H009:9,30,20,30
09D19H036-09D21H018:3,25,3,42
09D20H045-09D23H043:36,12,36,24,48,24
09D21H007-09D21H015:20,44,35,44
09D21H038-09D22H058:50,15,65,15
09D22H031-09D22H042:45,45,58,45
09D22H035-10D00H053:10,8,24,8
09D23H033-10D02H034:36,12,36,24,48,24
10D00H005-10D00H058:62,33,62,47
10D00H044-10D01H027:20,44,35,44
10D01H004-10D03H036:5,5,5,20
10D01H018-10D03H025:40,30,55,30,55,40
10D02H023-10D04H030:50,15,65,15
10D04H012-10D06H056:10,8,24,8
10D05H050-10D07H007:3,25,3,42
10D05H054-10D06H007:36,12,36,24,48,24
10D07H011-10D09H047:50,15,65,15
10D08H007-10D09H002:40,30,55,30,55,40
10D09H032-10D11H044:20,44,35,44
10D10H002-10D10H047:20,44,35,44
10D10H041-10D14H023:62,33,62,47
10D12H044-10D16H033:15,10,15,25,25,25
10D13H012-10D14H039:5,5,5,20
10D14H025-10D14H035:45,45,58,45
10D17H051-10D18H035:33,20,33,35
10D18H011-10D21H049:15,10,15,25,25,25
10D19H043-10D22H052:60,10,60,24
10D19H049-10D21H051:45,45,58,45
10D22H045-11D00H010:9,30,20,30
11D01H046-11D05H010:10,8,24,8
11D02H055-11D05H040:15,10,15,25,25,25
11D03H009-11D03H039:15,10,15,25,25,25
11D03H027-11D05H027:3,25,3,42
11D04H011-11D04H042:28,40,40,40
11D04H054-11D07H009:9,30,20,30
11D06H025-11D09H057:30,5,45,5
11D07H023-11D08H000:62,33,62,47
11D09H050-11D12H013:28,40,40,40
11D09H058-11D11H034:30,5,45,5
11D12H017-11D15H043:33,20,33,35
11D16H011-11D17H021:60,10,60,24
11D22H000-12D00H054:15,10,15,25,25,25
11D22H038-12D02H018:3,25,3,42
11D23H012-12D02H056:40,30,55,30,55,40
12D00H036-12D01H013:10,8,24,8
12D01H019-12D04H043:33,20,33,35
12D01H027-12D04H019:60,10,60,24
12D02H003-12D04H037:20,44,35,44
12D04H055-12D05H039:9,30,20,30
12D05H054-12D07H042:36,12,36,24,48,24
12D06H050-12D10H009:5,5,5,20
12D08H001-12D11H020:9,30,20,30
12D09H040-12D10H021:45,45,58,45
12D09H048-12D11H038:60,10,60,24
12D10H034-12D13H057:50,15,65,15
12D14H003-12D16H031:33,20,33,35
12D14H038-12D15H007:5,5,5,20
12D15H023-12D16H029:60,10,60,24
12D16H041-12D19H014:50,15,65,15
12D17H021-12D21H003:20,44,35,44
12D18H012-12D19H019:50,15,65,15
12D18H034-12D21H051:3,25,3,42
12D20H024-12D22H023:5,5,5,20
12D20H031-12D23H051:15,10,15,25,25,25
12D23H049-13D03H031:15,10,15,25,25,25
13D01H029-13D05H000:3,25,3,42
13D01H047-13D05H015:9,30,20,30
13D02H013-13D05H028:40,30,55,30,55,40
13D02H024-13D02H044:3,25,3,42
13D05H019-13D07H028:62,33,62,47
13D06H001-13D09H034:20,44,35,44
13D06H023-13D07H010:15,10,15,25,25,25
13D09H004-13D12H021:28,40,40,40
13D09H006-13D09H039:20,44,35,44
13D09H029-13D11H044:40,30,55,30,55,40
13D09H035-13D11H057:36,12,36,24,48,24
13D09H059-13D11H005:30,5,45,5
13D10H016-13D11H042:10,8,24,8
13D11H000-13D13H040:10,8,24,8
13D12H043-13D14H004:50,15,65,15
13D14H009-13D17H037:28,40,40,40
13D15H009-13D16H006:3,25,3,42
13D15H010-13D17H007:15,10,15,25,25,25
13D16H049-13D18H037:20,44,35,44
13D18H044-13D21H038:62,33,62,47
13D19H005-13D20H039:9,30,20,30
13D19H013-13D22H009:9,30,20,30
13D20H035-13D22H047:62,33,62,47
13D20H045-13D22H021:45,45,58,45
13D21H052-13D22H058:20,44,35,44
14D02H035-14D03H045:60,10,60,24
14D04H013-14D05H048:9,30,20,30
14D04H025-14D06H021:50,15,65,15
14D05H000-14D06H014:40,30,55,30,55,40
14D05H000-14D08H055:36,12,36,24,48,24
14D05H035-14D07H049:3,25,3,42
14D07H037-14D10H008:36,12,36,24,48,24
14D07H047-14D07H056:28,40,40,40
14D09H008-14D12H026:15,10,15,25,25,25
14D09H027-14D13H003:33,20,33,35
14D09H042-14D09H059:36,12,36,24,48,24
14D11H049-14D13H026:40,30,55,30,55,40
14D11H055-14D12H044:62,33,62,47
14D16H002-14D19H005:20,44,35,44
14D17H016-14D19H045:30,5,45,5
14D17H056-14D20H033:10,8,24,8
14D20H041-15D00H006:9,30,20,30
14D22H028-15D00H047:9,30,20,30
14D23H008-15D02H057:36,12,36,24,48,24
14D23H059-15D02H053:5,5,5,20
15D00H044-15D03H016:20,44,35,44
15D01H046-15D02H031:3,25,3,42
15D01H052-15D02H007:28,40,40,40
15D04H012-15D05H035:45,45,58,45
15D04H045-15D08H022:40,30,55,30,55,40
15D05H043-15D06H004:30,5,45,5
15D05H044-15D07H046:3,25,3,42
15D06H029-15D07H054:28,40,40,40
15D06H040-15D07H012:50,15,65,15
15D07H013-15D11H012:36,12,36,24,48,24
15D10H037-15D12H009:36,12,36,24,48,24
15D13H012-15D15H016:36,12,36,24,48,24
15D17H029-15D17H035:30,5,45,5
15D18H033-15D19H036:10,8,24,8
15D20H017-15D20H023:20,44,35,44
16D01H003-16D04H036:9,30,20,30
16D02H010-16D04H038:9,30,20,30
16D02H011-16D05H023:28,40,40,40
16D03H036-16D03H041:10,8,24,8
16D05H059-16D09H058:45,45,58,45
16D06H035-16D06H057:40,30,55,30,55,40
16D08H041-16D11H037:3,25,3,42
16D10H039-16D14H032:36,12,36,24,48,24
16D11H032-16D14H040:3,25,3,42
16D12H024-16D15H023:9,30,20,30
16D12H040-16D15H055:28,40,40,40
16D13H037-16D15H027:62,33,62,47
16D13H040-16D17H019:10,8,24,8
16D13H049-16D15H006:20,44,35,44
16D14H053-16D15H014:36,12,36,24,48,24
16D14H056-16D16H031:5,5,5,20
16D15H017-16D15H030:60,10,60,24
16D15H047-16D18H059:45,45,58,45
16D17H010-16D19H045:45,45,58,45
16D17H036-16D19H039:60,10,60,24
16D19H000-16D20H005:40,30,55,30,55,40
16D21H053-17D00H058:36,12,36,24,48,24
17D01H022-17D03H028:15,10,15,25,25,25
17D01H048-17D04H032:33,20,33,35
17D02H005-17D02H051:33,20,33,35
17D02H018-17D02H058:30,5,45,5
17D02H029-17D02H048:20,44,35,44
17D03H019-17D05H037:5,5,5,20
17D03H033-17D07H019:60,10,60,24
17D05H033-17D08H051:33,20,33,35
17D06H034-17D09H018:20,44,35,44
17D06H039-17D09H009:5,5,5,20
17D09H034-17D10H035:9,30,20,30
17D09H053-17D10H007:28,40,40,40
17D10H014-17D11H053:62,33,62,47
17D14H027-17D14H055:9,30,20,30
17D14H048-17D15H051:36,12,36,24,48,24
17D15H000-17D15H036:10,8,24,8
17D15H008-17D17H043:50,15,65,15
17D15H051-17D17H021:62,33,62,47
17D17H015-17D18H059:20,44,35,44
17D18H001-17D20H042:5,5,5,20
17D20H000-17D21H036:30,5,45,5
17D23H016-18D02H043:20,44,35,44
18D00H004-18D00H019:62,33,62,47
18D00H048-18D03H039:9,30,20,30
18D02H045-18D06H034:28,40,40,40
18D03H058-18D06H059:15,10,15,25,25,25
18D04H023-18D07H034:3,25,3,42
18D06H009-18D07H047:28,40,40,40
18D07H017-18D08H021:40,30,55,30,55,40
18D08H019-18D11H048:40,30,55,30,55,40
18D09H029-18D10H029:40,30,55,30,55,40
18D10H044-18D12H017:50,15,65,15
18D11H043-18D12H027:20,44,35,44
18D12H033-18D14H005:5,5,5,20
18D14H030-18D18H023:10,8,24,8
18D15H026-18D16H007:30,5,45,5
18D16H021-18D19H003:30,5,45,5
18D16H058-18D18H026:50,15,65,15
18D17H010-18D20H050:9,30,20,30
18D17H031-18D17H041:28,40,40,40
18D17H059-18D21H048:15,10,15,25,25,25
18D18H000-18D21H033:36,12,36,24,48,24
18D18H024-18D21H047:15,10,15,25,25,25
18D19H003-18D20H037:36,12,36,24,48,24
18D19H026-18D20H005:10,8,24,8
18D19H039-18D22H028:33,20,33,35
19D00H014-19D02H045:5,5,5,20
19D02H051-19D05H029:60,10,60,24
19D03H045-19D07H016:62,33,62,47
19D05H032-19D07H002:5,5,5,20
19D06H026-19D08H016:15,10,15,25,25,25
19D08H058-19D09H043:36,12,36,24,48,24
19D08H058-19D10H020:10,8,24,8
19D11H035-19D13H030:20,44,35,44
19D11H044-19D13H026:40,30,55,30,55,40
19D12H027-19D13H038:60,10,60,24
19D14H056-19D17H044:40,30,55,30,55,40
19D15H053-19D16H031:60,10,60,24
19D16H002-19D19H016:62,33,62,47
19D19H021-19D22H003:36,12,36,24,48,24
19D19H037-19D20H016:30,5,45,5
19D20H039-19D23H007:15,10,15,25,25,25
19D21H013-19D22H053:45,45,58,45
19D22H044-19D23H059:3,25,3,42
19D23H016-20D03H006:3,25,3,42
19D23H032-20D03H031:60,10,60,24
19D23H053-19D23H057:3,25,3,42
20D00H039-20D02H020:5,5,5,20
20D00H050-20D02H027:60,10,60,24
20D01H004-20D04H045:5,5,5,20
20D01H024-20D05H020:28,40,40,40
20D02H055-20D04H024:36,12,36,24,48,24
20D03H002-20D05H028:50,15,65,15
20D03H013-20D04H027:45,45,58,45
20D03H033-20D07H002:60,10,60,24
20D05H058-20D08H036:30,5,45,5
20D06H037-20D07H025:62,33,62,47
20D08H004-20D08H044:36,12,36,24,48,24
20D09H021-20D09H036:30,5,45,5
20D10H034-20D12H021:50,15,65,15
20D10H057-20D11H042:9,30,20,30
20D11H005-20D12H021:45,45,58,45
20D14H046-20D17H016:36,12,36,24,48,24
20D16H007-20D18H028:5,5,5,20
20D17H051-20D17H058:20,44,35,44
20D21H058-20D23H001:5,5,5,20
20D22H013-21D00H050:50,15,65,15
20D22H049-21D01H008:10,8,24,8
21D00H033-21D04H012:28,40,40,40
21D03H007-21D05H051:28,40,40,40
21D03H011-21D05H022:33,20,33,35
21D03H021-21D07H021:5,5,5,20
21D04H053-21D07H032:36,12,36,24,48,24
21D05H032-21D07H026:3,25,3,42
21D05H033-21D05H044:15,10,15,25,25,25
21D06H043-21D10H034:45,45,58,45
21D06H046-21D09H007:62,33,62,47
21D06H053-21D10H032:28,40,40,40
21D08H014-21D10H041:10,8,24,8
21D10H001-21D11H020:9,30,20,30
21D10H046-21D13H013:3,25,3,42
21D11H015-21D11H016:15,10,15,25,25,25
21D12H025-21D15H027:40,30,55,30,55,40
21D14H054-21D17H004:9,30,20,30
21D16H009-21D16H041:5,5,5,20
21D16H057-21D20H026:45,45,58,45
21D21H032-22D01H029:30,5,45,5
21D21H044-21D23H048:9,30,20,30
21D21H050-22D01H040:28,40,40,40
21D23H019-22D00H055:45,45,58,45
22D02H011-22D03H058:62,33,62,47
22D03H046-22D06H022:3,25,3,42
22D04H059-22D08H020:50,15,65,15
22D05H052-22D08H041:30,5,45,5
22D06H055-22D10H014:9,30,20,30
22D07H046-22D09H006:60,10,60,24
22D08H043-22D09H052:10,8,24,8
22D09H014-22D12H025:36,12,36,24,48,24
22D10H029-22D11H008:10,8,24,8
22D10H045-22D14H042:60,10,60,24
22D13H002-22D14H036:15,10,15,25,25,25
22D13H017-22D16H055:10,8,24,8
22D16H029-22D20H023:10,8,24,8
22D17H035-22D21H001:60,10,60,24
22D17H043-22D21H028:9,30,20,30
22D17H046-22D18H005:5,5,5,20
22D20H033-22D23H010:60,10,60,24
22D22H012-23D00H007:36,12,36,24,48,24
22D23H027-23D02H036:28,40,40,40
22D23H032-23D01H043:20,44,35,44
23D00H020-23D01H041:5,5,5,20
23D01H007-23D02H050:28,40,40,40
23D01H027-23D04H004:30,5,45,5
23D04H025-23D08H018:30,5,45,5
23D04H037-23D07H024:45,45,58,45
23D06H002-23D06H039:28,40,40,40
23D06H023-23D10H003:9,30,20,30
23D07H003-23D08H008:40,30,55,30,55,40
23D08H013-23D12H006:50,15,65,15
23D11H015-23D13H012:20,44,35,44
23D11H026-23D11H027:60,10,60,24
23D12H006-23D14H021:9,30,20,30
23D12H013-23D13H008:5,5,5,20
23D13H020-23D15H037:20,44,35,44
23D14H024-23D15H041:36,12,36,24,48,24
23D14H058-23D17H046:33,20,33,35
23D15H015-23D15H048:62,33,62,47
23D16H023-23D19H015:40,30,55,30,55,40
23D18H033-23D20H018:5,5,5,20
23D20H019-24D00H019:10,8,24,8
23D22H025-24D02H006:30,5,45,5
23D22H041-24D00H002:30,5,45,5
23D23H027-24D01H025:9,30,20,30
23D23H053-24D01H033:60,10,60,24
24D01H050-24D04H033:30,5,45,5
24D02H056-24D06H046:62,33,62,47
24D03H013-24D05H056:45,45,58,45
24D04H045-24D06H052:50,15,65,15
24D08H021-24D12H007:30,5,45,5
24D08H026-24D08H030:45,45,58,45
24D11H054-24D12H013:45,45,58,45
24D13H030-24D13H054:36,12,36,24,48,24
24D13H050-24D15H001:20,44,35,44
24D14H044-24D16H041:20,44,35,44
24D16H051-24D17H039:45,45,58,45
24D19H039-24D22H008:40,30,55,30,55,40
24D20H043-24D23H044:60,10,60,24
24D22H059-25D01H016:3,25,3,42
25D00H043-25D00H059:36,12,36,24,48,24
25D00H054-25D01H027:50,15,65,15
25D01H029-25D04H043:36,12,36,24,48,24
25D03H006-25D06H005:28,40,40,40
25D03H026-25D05H025:15,10,15,25,25,25
25D04H033-25D07H019:28,40,40,40
25D05H046-25D08H014:5,5,5,20
25D05H056-25D06H040:60,10,60,24
25D08H050-25D10H023:60,10,60,24
25D10H005-25D13H024:5,5,5,20
25D12H024-25D15H050:30,5,45,5
25D13H042-25D15H034:36,12,36,24,48,24
25D15H016-25D16H045:50,15,65,15
25D17H042-25D17H046:28,40,40,40
25D18H053-25D19H014:40,30,55,30,55,40
25D23H011-26D00H039:28,40,40,40
25D23H024-26D00H029:10,8,24,8
26D00H008-26D01H009:9,30,20,30
26D01H015-26D02H053:9,30,20,30
26D01H040-26D03H042:36,12,36,24,48,24
26D01H049-26D05H020:50,15,65,15
26D02H011-26D05H034:15,10,15,25,25,25
26D03H053-26D06H028:28,40,40,40
26D05H048-26D06H051:5,5,5,20
26D08H032-26D12H031:60,10,60,24
26D08H039-26D10H057:60,10,60,24
26D09H006-26D12H011:28,40,40,40
26D09H019-26D10H034:62,33,62,47
26D09H048-26D11H030:45,45,58,45
26D11H014-26D14H012:36,12,36,24,48,24
26D12H014-26D13H032:3,25,3,42
26D15H029-26D18H036:5,5,5,20
26D20H038-26D22H034:9,30,20,30
26D21H013-27D00H008:33,20,33,35
26D21H055-26D23H021:45,45,58,45
26D22H002-26D23H058:3,25,3,42
26D23H053-27D02H021:62,33,62,47
27D01H011-27D02H000:3,25,3,42
27D03H047-27D04H056:60,10,60,24
27D05H021-27D07H059:62,33,62,47
27D05H032-27D09H030:15,10,15,25,25,25
27D05H046-27D06H041:10,8,24,8
27D07H006-27D08H048:62,33,62,47
27D07H014-27D10H007:10,8,24,8
27D11H021-27D14H010:28,40,40,40
27D11H049-27D13H043:45,45,58,45
27D13H014-27D13H041:36,12,36,24,48,24
27D16H021-27D18H056:40,30,55,30,55,40
27D20H041-27D22H058:5,5,5,20
27D23H037-28D00H059:30,5,45,5
28D01H026-28D02H059:40,30,55,30,55,40
28D02H038-28D06H035:45,45,58,45
28D02H044-28D04H045:5,5,5,20
28D03H004-28D05H024:36,12,36,24,48,24
28D03H018-28D06H004:36,12,36,24,48,24
28D03H041-28D05H039:30,5,45,5
28D03H056-28D06H000:36,12,36,24,48,24
28D04H057-28D05H032:33,20,33,35
28D07H023-28D09H054:60,10,60,24
28D09H010-28D12H052:62,33,62,47
28D09H020-28D10H054:60,10,60,24
28D10H019-28D12H041:5,5,5,20
28D11H047-28D13H046:20,44,35,44
28D13H024-28D14H058:3,25,3,42
28D14H031-28D17H041:30,5,45,5
28D14H032-28D15H053:15,10,15,25,25,25
28D15H038-28D19H015:15,10,15,25,25,25
28D18H012-28D21H058:33,20,33,35
29D04H011-29D06H002:5,5,5,20
29D04H014-29D07H006:33,20,33,35
29D05H037-29D06H005:30,5,45,5
29D15H056-29D17H004:33,20,33,35
29D16H055-29D17H040:5,5,5,20
29D17H004-29D18H036:3,25,3,42
29D17H035-29D18H050:9,30,20,30
29D18H056-29D22H033:50,15,65,15
29D20H011-29D20H026:9,30,20,30
29D21H041-29D21H044:5,5,5,20
30D00H013-30D01H038:50,15,65,15
30D00H034-30D02H008:45,45,58,45
30D01H031-30D02H044:5,5,5,20
30D01H039-30D02H057:30,5,45,5
30D01H051-30D03H014:3,25,3,42
30D03H053-30D06H043:45,45,58,45
30D03H055-30D04H056:30,5,45,5
30D03H057-30D04H041:36,12,36,24,48,24
30D07H022-30D09H046:50,15,65,15
30D07H043-30D10H006:5,5,5,20
30D08H044-30D10H021:50,15,65,15
30D09H030-30D11H023:62,33,62,47
30D09H036-30D12H000:30,5,45,5
30D10H009-30D12H042:36,12,36,24,48,24
30D10H038-30D12H012:33,20,33,35
30D10H038-30D13H010:5,5,5,20
30D10H040-30D13H015:10,8,24,8
30D11H019-30D13H009:45,45,58,45
30D12H001-30D13H025:15,10,15,25,25,25
30D12H010-30D12H040:50,15,65,15
30D14H001-30D16H006:5,5,5,20
30D15H023-30D17H025:40,30,55,30,55,40
30D17H050-30D17H053:9,30,20,30
30D18H012-30D21H045:50,15,65,15
30D18H045-30D20H027:3,25,3,42
30D19H058-30D20H030:15,10,15,25,25,25
30D20H008-30D22H028:60,10,60,24
30D22H050-31D02H001:45,45,58,45
30D23H015-31D00H039:30,5,45,5
30D23H056-31D02H001:40,30,55,30,55,40
30D23H056-31D03H031:45,45,58,45
31D02H037-31D04H032:62,33,62,47
31D05H002-31D05H017:20,44,35,44
31D06H004-31D06H009:20,44,35,44
31D07H008-31D10H050:3,25,3,42
31D07H014-31D11H001:36,12,36,24,48,24
31D07H048-31D10H003:10,8,24,8
31D09H050-31D11H032:40,30,55,30,55,40
31D11H051-31D14H041:9,30,20,30
31D12H051-31D13H008:62,33,62,47
31D13H035-31D14H031:40,30,55,30,55,40
31D14H042-31D18H006:40,30,55,30,55,40
31D14H053-31D17H015:15,10,15,25,25,25
31D15H052-31D17H038:40,30,55,30,55,40
31D16H007-31D20H004:5,5,5,20
31D17H020-31D19H035:45,45,58,45
31D17H052-31D20H038:36,12,36,24,48,24
31D19H023-31D22H028:60,10,60,24
31D21H036-31D22H058:40,30,55,30,55,40
