01D01H018-01D01H053:45,45,58,45
01D02H011-01D06H000:3,25,3,42
01D02H032-01D06H008:5,5,5,20
01D03H004-01D03H023:50,15,65,15
01D03H050-01D06H037:36,12,36,24,48,24
01D05H051-01D07H022:30,5,45,5
01D06H006-01D08H003:60,10,60,24
01D06H030-01D07H048:9,30,20,30
01D08H003-01D10H023:45,45,58,45
01D08H003-01D10H037:3,25,3,42
01D08H033-01D10H041:28,40,40,40
01D10H020-01D11H028:9,30,20,30
01D11H019-01D11H042:3,25,3,42
01D13H034-01D17H003:40,30,55,30,55,40
01D14H037-01D18H013:20,44,35,44
01D15H051-01D17H033:60,10,60,24
01D16H024-01D17H008:36,12,36,24,48,24
01D16H045-01D19H022:45,45,58,45
01D17H022-01D21H017:28,40,40,40
01D17H053-01D21H052:5,5,5,20
01D20H057-01D23H026:50,15,65,15
01D21H027-01D23H025:60,10,60,24
01D21H048-02D00H028:62,33,62,47
01D21H051-01D22H054:10,8,24,8
01D22H036-01D23H047:28,40,40,40
01D22H039-02D01H042:50,15,65,15
01D23H055-02D03H053:30,5,45,5
02D00H022-02D01H013:33,20,33,35
02D00H049-02D02H002:62,33,62,47
02D01H013-02D03H026:3,25,3,42
02D02H012-02D02H026:36,12,36,24,48,24
02D03H042-02D04H056:40,30,55,30,55,40
02D04H019-02D05H031:5,5,5,20
02D06H015-02D07H019:5,5,5,20
02D08H035-02D09H047:10,8,24,8
02D08H059-02D11H044:36,12,36,24,48,24
02D09H007-02D13H000:10,8,24,8
02D09H011-02D09H022:20,44,35,44
02D09H030-02D13H020:15,10,15,25,25,25
02D11H058-02D15H030:62,33,62,47
02D13H052-02D15H050:30,5,45,5
02D14H035-02D16H009:40,30,55,30,55,40
02D18H024-02D21H043:15,10,15,25,25,25
02D18H049-02D20H017:28,40,40,40
02D20H019-02D20H021:62,33,62,47
02D20H038-02D20H039:9,30,20,30
02D21H026-02D22H020:15,10,15,25,25,25
03D01H023-03D02H027:3,25,3,42
03D02H015-03D05H033:20,44,35,44
03D05H036-03D06H034:9,30,20,30
03D06H008-03D09H019:50,15,65,15
03D07H048-03D10H026:36,12,36,24,48,24
03D08H017-03D11H018:62,33,62,47
03D09H008-03D09H019:3,25,3,42
03D10H014-03D11H037:50,15,65,15
03D12H002-03D13H003:45,45,58,45
03D13H003-03D14H038:28,40,40,40
03D13H032-03D16H047:15,10,15,25,25,25
03D15H050-03D18H019:60,10,60,24
03D17H047-03D18H019:30,5,45,5
03D17H049-03D19H043:3,25,3,42
03D18H025-03D20H037:36,12,36,24,48,24
03D18H053-03D19H021:36,12,36,24,48,24
03D19H034-03D23H001:15,10,15,25,25,25
03D22H036-03D22H045:45,45,58,45
03D23H029-03D23H035:3,25,3,42
04D01H013-04D01H050:33,20,33,35
04D01H053-04D05H026:10,8,24,8
04D02H024-04D03H011:50,15,65,15
04D02H044-04D06H021:20,44,35,44
04D02H045-04D05H043:20,44,35,44
04D02H046-04D03H040:45,45,58,45
04D03H011-04D06H028:10,8,24,8
04D04H006-04D04H031:30,5,45,5
04D05H011-04D08H034:15,10,15,25,25,25
04D05H046-04D08H046:45,45,58,45
04D07H022-04D08H028:60,10,60,24
04D07H026-04D10H020:33,20,33,35
04D09H012-04D11H042:9,30,20,30
04D09H056-04D12H026:40,30,55,30,55,40
04D11H012-04D12H028:20,44,35,44
04D13H003-04D13H009:5,5,5,20
04D13H040-04D14H055:40,30,55,30,55,40
04D14H058-04D16H038:10,8,24,8
04D15H000-04D15H023:50,15,65,15
04D15H040-04D18H043:36,12,36,24,48,24
04D17H038-04D17H058:3,25,3,42
04D17H043-04D19H005:3,25,3,42
04D20H011-04D21H049:3,25,3,42
04D20H022-04D22H057:30,5,45,5
04D20H047-04D23H052:45,45,58,45
04D21H000-05D00H003:28,40,40,40
04D22H045-04D23H016:15,10,15,25,25,25
05D01H000-05D02H005:45,45,58,45
05D01H046-05D04H013:10,8,24,8
05D07H036-05D11H015:36,12,36,24,48,24
05D11H006-05D13H000:30,5,45,5
05D11H031-05D14H004:20,44,35,44
05D12H033-05D16H033:60,10,60,24
05D12H046-05D12H053:62,33,62,47
05D13H003-05D14H052:36,12,36,24,48,24
05D13H050-05D14H034:28,40,40,40
05D14H028-05D16H001:33,20,33,35
05D15H032-05D15H033:3,25,3,42
05D16H039-05D18H036:60,10,60,24
05D19H022-05D19H033:5,5,5,20
05D20H058-05D22H000:15,10,15,25,25,25
05D22H035-06D01H000:45,45,58,45
06D00H013-06D01H046:60,10,60,24
06D01H037-06D05H032:50,15,65,15
06D03H023-06D05H059:15,10,15,25,25,25
06D04H023-06D06H042:33,20,33,35
06D05H028-06D07H028:20,44,35,44
06D08H029-06D09H006:28,40,40,40
06D08H051-06D09H058:3,25,3,42
06D09H042-06D12H055:40,30,55,30,55,40
06D09H057-06D10H039:30,5,45,5
06D10H008-06D13H039:40,30,55,30,55,40
06D10H025-06D10H048:50,15,65,15
06D11H020-06D12H023:15,10,15,25,25,25
06D12H035-06D16H021:9,30,20,30
06D12H050-06D14H011:20,44,35,44
06D15H029-06D15H048:33,20,33,35
06D16H045-06D20H031:30,5,45,5
06D18H008-06D19H049:20,44,35,44
06D19H018-06D22H026:36,12,36,24,48,24
06D20H008-06D23H024:33,20,33,35
06D21H004-06D23H012:62,33,62,47
06D22H006-07D01H031:5,5,5,20
06D23H021-07D02H041:20,44,35,44
06D23H051-07D00H032:33,20,33,35
07D02H023-07D03H004:5,5,5,20
07D02H027-07D02H051:28,40,40,40
07D02H044-07D03H009:62,33,62,47
07D02H058-07D03H019:10,8,24,8
07D06H009-07D07H009:60,10,60,24
07D08H033-07D11H005:50,15,65,15
07D09H039-07D12H013:33,20,33,35
07D10H006-07D11H046:50,15,65,15
07D13H008-07D14H017:45,45,58,45
07D14H005-07D16H058:10,8,24,8
07D14H043-07D15H002:3,25,3,42
07D15H003-07D16H018:30,5,45,5
07D15H027-07D19H016:33,20,33,35
07D15H043-07D15H054:20,44,35,44
07D16H055-07D17H009:30,5,45,5
07D17H029-07D19H057:60,10,60,24
07D18H001-07D19H008:60,10,60,24
07D18H057-07D20H044:15,10,15,25,25,25
07D22H058-07D23H050:10,8,24,8
08D05H015-08D06H050:60,10,60,24
08D07H015-08D07H053:5,5,5,20
08D07H022-08D07H028:36,12,36,24,48,24
08D08H056-08D11H029:30,5,45,5
08D09H028-08D12H038:36,12,36,24,48,24
08D11H021-08D15H021:9,30,20,30
08D11H022-08D14H000:15,10,15,25,25,25
08D12H012-08D13H026:28,40,40,40
08D13H003-08D14H018:15,10,15,25,25,25
08D18H007-08D20H048:30,5,45,5
08D18H015-08D21H027:9,30,20,30
08D19H005-08D22H038:28,40,40,40
08D21H002-08D23H022:62,33,62,47
08D21H038-08D21H052:15,10,15,25,25,25
08D23H027-09D00H056:28,40,40,40
08D23H028-09D02H011:40,30,55,30,55,40
08D23H050-09D02H030:50,15,65,15
09D00H020-09D01H028:28,40,40,40
09D00H057-09D04H018:36,12,36,24,48,24
09D01H029-09D03H032:33,20,33,35
09D02H016-09D04H056:62,33,62,47
09D03H046-09D04H054:20,44,35,44
09D04H055-09D08H007:3,25,3,42
09D05H001-09D08H049:60,10,60,24
09D06H048-09D07H035:45,45,58,45
09D08H009-09D10H044:9,30,20,30
09D08H023-09D08H039:3,25,3,42
09D08H031-09D10H024:15,10,15,25,25,25
09D09H023-09D11H054:28,40,40,40
09D09H041-09D11H017:40,30,55,30,55,40
09D10H057-09D14H014:28,40,40,40
09D11H048-09D13H027:62,33,62,47
09D12H019-09D13H021:28,40,40,40
09D12H037-09D16H030:3,25,3,42
09D12H043-09D12H055:20,44,35,44
09D14H023-09D15H012:20,44,35,44
09D14H030-09D15H044:20,44,35,44
09D17H059-09D20H043:9,30,20,30
09D19H014-09D21H059:30,5,45,5
09D19H025-09D21H053:28,40,40,40
09D22H010-09D22H037:62,33,62,47
09D23H048-10D02H010:5,5,5,20
10D02H025-10D03H022:45,45,58,45
10D06H046-10D07H026:40,30,55,30,55,40
10D08H055-10D12H040:45,45,58,45
10D13H036-10D14H008:33,20,33,35
10D16H057-10D17H005:62,33,62,47
10D19H041-10D22H031:45,45,58,45
10D21H017-10D22H010:9,30,20,30
11D00H012-11D01H014:20,44,35,44
11D00H055-11D03H006:60,10,60,24
11D01H019-11D04H047:45,45,58,45
11D01H020-11D04H012:50,15,65,15
11D03H031-11D04H014:3,25,3,42
11D05H009-11D08H013:20,44,35,44
11D05H032-11D09H032:28,40,40,40
11D06H009-11D09H018:28,40,40,40
11D07H048-11D07H055:45,45,58,45
11D11H027-11D14H038:62,33,62,47
11D12H005-11D15H023:36,12,36,24,48,24
11D14H002-11D14H006:3,25,3,42
11D18H023-11D19H000:20,44,35,44
11D19H007-11D22H023:30,5,45,5
11D21H048-11D23H036:36,12,36,24,48,24
11D21H058-11D23H006:40,30,55,30,55,40
11D22H032-12D01H029:33,20,33,35
12D00H018-12D01H012:50,15,65,15
12D01H024-12D01H047:10,8,24,8
12D02H006-12D02H040:33,20,33,35
12D03H015-12D06H048:45,45,58,45
12D03H023-12D05H044:5,5,5,20
12D04H013-12D04H039:20,44,35,44
12D04H030-12D04H043:33,20,33,35
12D05H013-12D08H001:3,25,3,42
12D06H022-12D09H015:50,15,65,15
12D08H004-12D11H001:36,12,36,24,48,24
12D09H010-12D10H014:9,30,20,30
12D11H051-12D15H044:60,10,60,24
12D12H056-12D16H008:33,20,33,35
12D13H001-12D14H013:36,12,36,24,48,24
12D13H037-12D15H015:40,30,55,30,55,40
12D14H051-12D18H000:3,25,3,42
12D19H048-12D20H045:5,5,5,20
12D21H057-13D00H002:9,30,20,30
12D22H000-13D01H046:3,25,3,42
12D22H003-12D22H041:50,15,65,15
12D23H056-13D02H047:62,33,62,47
13D01H014-13D04H045:20,44,35,44
13D01H020-13D04H018:5,5,5,20
13D01H025-13D03H001:40,30,55,30,55,40
13D01H052-13D04H055:3,25,3,42
13D03H009-13D05H059:10,8,24,8
13D03H017-13D03H029:28,40,40,40
13D03H023-13D04H045:3,25,3,42
13D03H044-13D06H027:28,40,40,40
13D03H045-13D05H027:5,5,5,20
13D07H047-13D07H059:3,25,3,42
13D08H023-13D12H013:28,40,40,40
13D08H044-13D12H006:40,30,55,30,55,40
13D10H017-13D14H014:45,45,58,45
13D11H016-13D12H038:40,30,55,30,55,40
13D12H058-13D13H053:40,30,55,30,55,40
13D14H021-13D15H054:15,10,15,25,25,25
13D15H044-13D17H056:62,33,62,47
13D18H003-13D19H033:40,30,55,30,55,40
13D18H034-13D20H035:62,33,62,47
13D18H044-13D20H008:10,8,24,8
13D20H056-13D21H031:36,12,36,24,48,24
13D21H047-13D23H014:10,8,24,8
13D22H043-14D01H026:50,15,65,15
13D23H015-14D00H048:36,12,36,24,48,24
14D03H056-14D07H016:5,5,5,20
14D05H002-14D07H034:33,20,33,35
14D05H042-14D07H003:62,33,62,47
14D06H006-14D06H023:9,30,20,30
14D06H018-14D08H022:15,10,15,25,25,25
14D08H024-14D11H039:36,12,36,24,48,24
14D08H045-14D10H003:60,10,60,24
14D09H008-14D09H036:33,20,33,35
14D10H018-14D13H049:40,30,55,30,55,40
14D11H044-14D14H056:60,10,60,24
14D12H040-14D16H020:9,30,20,30
14D13H025-14D16H052:62,33,62,47
14D13H027-14D14H013:62,33,62,47
14D17H011-14D21H000:33,20,33,35
14D17H043-14D18H008:60,10,60,24
14D18H010-14D21H011:15,10,15,25,25,25
14D18H058-14D20H003:5,5,5,20
14D20H002-14D23H055:20,44,35,44
14D20H004-14D22H023:20,44,35,44
14D20H043-15D00H018:3,25,3,42
14D21H047-15D01H008:40,30,55,30,55,40
14D22H040-15D01H031:3,25,3,42
15D00H018-15D02H018:28,40,40,40
15D05H042-15D08H013:20,44,35,44
15D06H003-15D08H044:3,25,3,42
15D07H002-15D10H051:3,25,3,42
15D07H019-15D09H050:33,20,33,35
15D08H016-15D09H049:30,5,45,5
15D08H022-15D10H018:28,40,40,40
15D08H030-15D12H001:9,30,20,30
15D08H054-15D09H034:62,33,62,47
15D11H040-15D11H046:15,10,15,25,25,25
15D13H051-15D14H046:30,5,45,5
15D14H029-15D15H007:60,10,60,24
15D15H015-15D17H033:50,15,65,15
15D15H059-15D16H016:28,40,40,40
15D18H029-15D21H046:45,45,58,45
15D19H028-15D22H012:5,5,5,20
15D19H031-15D21H001:20,44,35,44
15D20H028-15D23H054:33,20,33,35
15D22H010-15D22H036:60,10,60,24
15D23H038-16D01H046:28,40,40,40
16D01H004-16D04H017:62,33,62,47
16D02H054-16D05H046:30,5,45,5
16D04H052-16D08H009:45,45,58,45
16D05H026-16D06H008:50,15,65,15
16D05H042-16D07H025:36,12,36,24,48,24
16D05H058-16D07H016:28,40,40,40
16D06H045-16D08H025:60,10,60,24
16D09H039-16D10H008:60,10,60,24
16D11H008-16D14H023:40,30,55,30,55,40
16D11H054-16D13H053:50,15,65,15
16D14H019-16D17H022:15,10,15,25,25,25
16D17H034-16D18H050:5,5,5,20
16D17H049-16D21H010:40,30,55,30,55,40
16D18H017-16D20H003:36,12,36,24,48,24
16D20H006-16D21H055:36,12,36,24,48,24
16D20H047-16D21H041:10,8,24,8
16D21H017-16D23H059:60,10,60,24
17D02H005-17D02H025:10,8,24,8
17D02H039-17D04H024:36,12,36,24,48,24
17D03H039-17D07H008:50,15,65,15
17D05H047-17D05H059:30,5,45,5
17D06H002-17D07H036:5,5,5,20
17D06H052-17D08H033:9,30,20,30
17D07H005-17D07H058:50,15,65,15
17D08H057-17D10H047:15,10,15,25,25,25
17D09H033-17D10H047:9,30,20,30
17D09H043-17D13H041:62,33,62,47
17D10H002-17D10H038:60,10,60,24
17D11H025-17D15H001:5,5,5,20
17D12H054-17D14H000:9,30,20,30
17D14H047-17D15H046:33,20,33,35
17D16H020-17D19H021:5,5,5,20
17D19H009-17D19H036:62,33,62,47
17D20H040-17D20H058:10,8,24,8
17D20H051-17D21H012:9,30,20,30
17D22H045-18D02H040:5,5,5,20
17D23H005-18D01H037:20,44,35,44
17D23H021-18D02H008:60,10,60,24
17D23H035-18D03H029:40,30,55,30,55,40
17D23H056-18D01H030:62,33,62,47
18D01H006-18D03H024:28,40,40,40
18D05H005-18D05H040:5,5,5,20
18D06H018-18D08H000:36,12,36,24,48,24
18D06H032-18D08H044:28,40,40,40
18D06H039-18D09H049:36,12,36,24,48,24
18D07H049-18D08H013:36,12,36,24,48,24
18D07H058-18D08H007:36,12,36,24,48,24
18D08H021-18D09H031:10,8,24,8
18D08H051-18D09H007:40,30,55,30,55,40
18D10H004-18D12H029:28,40,40,40
18D10H055-18D12H038:30,5,45,5
18D11H026-18D14H034:15,10,15,25,25,25
18D11H029-18D11H041:36,12,36,24,48,24
18D15H027-18D15H055:33,20,33,35
18D16H014-18D17H052:50,15,65,15
18D17H036-18D19H059:40,30,55,30,55,40
18D18H041-18D21H014:50,15,65,15
18D18H047-18D22H001:5,5,5,20
18D19H016-18D20H050:9,30,20,30
18D21H033-18D23H006:10,8,24,8
19D00H031-19D02H047:40,30,55,30,55,40
19D02H032-19D04H001:3,25,3,42
19D04H026-19D05H055:10,8,24,8
19D06H000-19D06H032:50,15,65,15
19D07H048-19D08H012:10,8,24,8
19D08H039-19D09H042:30,5,45,5
19D08H054-19D12H032:10,8,24,8
19D09H056-19D11H020:28,40,40,40
19D12H043-19D15H010:33,20,33,35
19D16H008-19D18H010:36,12,36,24,48,24
19D16H019-19D18H012:33,20,33,35
19D16H056-19D18H027:30,5,45,5
19D17H014-19D19H046:60,10,60,24
19D18H015-19D18H053:10,8,24,8
19D18H017-19D18H043:20,44,35,44
19D19H046-19D22H010:40,30,55,30,55,40
19D22H014-19D22H031:62,33,62,47
19D23H047-20D00H026:33,20,33,35
20D04H014-20D08H006:3,25,3,42
20D05H039-20D06H028:20,44,35,44
20D05H050-20D08H054:36,12,36,24,48,24
20D07H053-20D08H005:62,33,62,47
20D08H010-20D11H046:45,45,58,45
20D12H007-20D15H046:28,40,40,40
20D12H042-20D16H041:10,8,24,8
20D12H045-20D15H013:9,30,20,30
20D15H005-20D18H018:60,10,60,24
20D16H001-20D19H010:62,33,62,47
20D17H008-20D18H008:3,25,3,42
20D18H035-20D22H027:3,25,3,42
20D19H015-20D21H022:15,10,15,25,25,25
20D19H042-20D22H009:20,44,35,44
20D20H006-20D22H001:45,45,58,45
20D20H056-20D23H032:30,5,45,5
20D21H020-21D01H019:9,30,20,30
20D21H026-20D23H022:28,40,40,40
20D23H032-21D00H056:36,12,36,24,48,24
21D02H026-21D04H016:40,30,55,30,55,40
21D03H017-21D05H003:45,45,58,45
21D03H057-21D06H041:9,30,20,30
21D04H031-21D08H006:36,12,36,24,48,24
21D04H050-21D04H058:20,44,35,44
21D05H042-21D08H051:30,5,45,5
21D05H053-21D06H011:10,8,24,8
21D06H017-21D08H010:5,5,5,20
21D07H056-21D10H044:9,30,20,30
21D07H059-21D10H016:62,33,62,47
21D08H019-21D08H021:40,30,55,30,55,40
21D09H010-21D11H020:3,25,3,42
21D10H009-21D12H021:10,8,24,8
21D11H044-21D13H001:60,10,60,24
21D11H059-21D13H019:60,10,60,24
21D15H051-21D17H043:3,25,3,42
21D17H019-21D20H000:15,10,15,25,25,25
21D17H023-21D19H052:15,10,15,25,25,25
21D18H028-21D22H026:45,45,58,45
21D18H048-21D20H001:40,30,55,30,55,40
21D20H004-21D22H045:33,20,33,35
21D21H031-21D23H042:15,10,15,25,25,25
21D21H055-21D23H044:20,44,35,44
21D22H032-22D00H022:40,30,55,30,55,40
21D23H059-22D03H021:50,15,65,15
22D00H006-22D03H026:28,40,40,40
22D00H019-22D03H043:30,5,45,5
22D05H006-22D05H041:50,15,65,15
22D05H041-22D06H034:9,30,20,30
22D08H017-22D10H010:33,20,33,35
22D08H036-22D12H031:20,44,35,44
22D10H024-22D12H006:3,25,3,42
22D10H040-22D11H045:30,5,45,5
22D11H030-22D14H039:50,15,65,15
22D11H043-22D13H058:9,30,20,30
22D13H054-22D16H014:15,10,15,25,25,25
22D13H054-22D17H041:33,20,33,35
22D14H043-22D14H053:10,8,24,8
22D15H023-22D19H005:15,10,15,25,25,25
22D16H012-22D17H059:10,8,24,8
22D16H015-22D19H008:10,8,24,8
22D18H019-22D21H039:45,45,58,45
22D20H027-22D23H031:10,8,24,8
22D22H004-23D00H023:45,45,58,45
23D02H008-23D02H010:30,5,45,5
23D02H033-23D04H025:33,20,33,35
23D04H009-23D07H015:10,8,24,8
23D05H020-23D08H027:30,5,45,5
23D05H054-23D07H025:36,12,36,24,48,24
23D06H029-23D07H053:36,12,36,24,48,24
23D07H031-23D09H046:20,44,35,44
23D09H029-23D13H016:15,10,15,25,25,25
23D10H020-23D13H038:45,45,58,45
23D10H029-23D12H031:30,5,45,5
23D12H048-23D15H055:45,45,58,45
23D13H013-23D16H002:3,25,3,42
23D14H008-23D17H025:60,10,60,24
23D14H041-23D16H022:20,44,35,44
23D15H046-23D16H040:20,44,35,44
23D16H026-23D16H037:10,8,24,8
23D16H037-23D17H024:40,30,55,30,55,40
23D19H042-23D23H022:30,5,45,5
23D19H059-23D20H020:3,25,3,42
23D20H013-23D20H052:62,33,62,47
23D20H028-23D22H023:5,5,5,20
23D20H055-23D21H058:10,8,24,8
23D21H031-23D21H038:40,30,55,30,55,40
24D01H057-24D04H016:50,15,65,15
24D04H014-24D07H015:50,15,65,15
24D04H042-24D05H007:45,45,58,45
24D07H048-24D11H044:5,5,5,20
24D08H015-24D11H014:30,5,45,5
24D08H048-24D09H008:15,10,15,25,25,25
24D09H017-24D11H052:60,10,60,24
24D11H029-24D12H058:36,12,36,24,48,24
24D11H055-24D14H019:3,25,3,42
24D12H025-24D15H057:9,30,20,30
24D13H037-24D16H028:15,10,15,25,25,25
24D15H034-24D18H055:60,10,60,24
24D15H043-24D17H018:9,30,20,30
24D17H015-24D17H023:45,45,58,45
24D19H010-24D21H041:9,30,20,30
24D19H049-24D23H039:5,5,5,20
24D20H031-24D23H004:62,33,62,47
24D20H037-24D22H046:33,20,33,35
24D22H009-25D01H011:36,12,36,24,48,24
24D23H029-24D23H038:28,40,40,40
25D00H032-25D04H004:33,20,33,35
25D03H016-25D05H021:10,8,24,8
25D05H032-25D08H023:36,12,36,24,48,24
25D06H032-25D10H008:40,30,55,30,55,40
25D11H013-25D14H008:10,8,24,8
25D12H050-25D16H036:3,25,3,42
25D13H007-25D15H004:9,30,20,30
25D14H017-25D15H040:50,15,65,15
25D15H015-25D15H040:60,10,60,24
25D15H021-25D15H053:40,30,55,30,55,40
25D15H025-25D17H054:10,8,24,8
25D15H029-25D19H008:62,33,62,47
25D16H027-25D17H052:50,15,65,15
25D16H038-25D20H008:36,12,36,24,48,24
25D20H009-25D22H059:10,8,24,8
26D01H012-26D01H041:30,5,45,5
26D03H054-26D06H040:62,33,62,47
26D06H001-26D07H027:62,33,62,47
26D06H010-26D07H036:45,45,58,45
26D07H002-26D08H011:33,20,33,35
26D07H022-26D10H022:9,30,20,30
26D07H051-26D09H038:10,8,24,8
26D11H023-26D12H033:36,12,36,24,48,24
26D14H044-26D18H036:50,15,65,15
26D15H005-26D17H001:62,33,62,47
26D15H006-26D18H052:45,45,58,45
26D18H022-26D20H008:20,44,35,44
26D18H043-26D22H039:33,20,33,35
26D20H007-26D23H048:5,5,5,20
26D22H002-26D23H029:40,30,55,30,55,40
26D23H047-27D01H058:40,30,55,30,55,40
27D01H008-27D01H011:40,30,55,30,55,40
27D02H000-27D02H015:30,5,45,5
27D02H044-27D05H052:50,15,65,15
27D04H011-27D08H001:33,20,33,35
27D05H046-27D08H041:20,44,35,44
27D05H056-27D06H021:33,20,33,35
27D07H016-27D10H034:9,30,20,30
27D08H038-27D12H002:62,33,62,47
27D08H042-27D10H039:50,15,65,15
27D12H002-27D13H038:50,15,65,15
27D12H004-27D13H048:10,8,24,8
27D16H044-27D18H040:15,10,15,25,25,25
27D16H056-27D16H058:30,5,45,5
27D18H014-27D20H006:45,45,58,45
27D19H018-27D21H050:30,5,45,5
27D21H020-27D23H016:3,25,3,42
28D01H008-28D04H017:5,5,5,20
28D02H051-28D06H018:9,30,20,30
28D03H019-28D05H006:60,10,60,24
28D04H029-28D06H019:30,5,45,5
28D05H042-28D08H039:36,12,36,24,48,24
28D06H010-28D09H012:3,25,3,42
28D07H023-28D09H048:33,20,33,35
28D09H010-28D10H055:10,8,24,8
28D10H034-28D12H001:30,5,45,5
28D10H058-28D11H042:28,40,40,40
28D13H053-28D15H019:40,30,55,30,55,40
28D14H054-28D17H056:30,5,45,5
28D16H053-28D19H022:15,10,15,25,25,25
28D17H057-28D21H002:5,5,5,20
28D20H004-28D22H015:15,10,15,25,25,25
28D20H034-28D21H018:62,33,62,47
28D23H000-29D00H032:45,45,58,45
28D23H039-29D03H022:9,30,20,30
29D02H019-29D06H007:30,5,45,5
29D04H005-29D07H051:20,44,35,44
29D05H029-29D06H043:9,30,20,30
29D06H007-29D10H000:50,15,65,15
29D06H020-29D09H033:28,40,40,40
29D06H036-29D07H024:60,10,60,24
29D06H045-29D08H053:40,30,55,30,55,40
29D07H058-29D08H004:15,10,15,25,25,25
29D08H036-29D10H011:9,30,20,30
29D09H041-29D10H006:9,30,20,30
29D10H000-29D13H014:36,12,36,24,48,24
29D12H008-29D14H014:15,10,15,25,25,25
29D13H005-29D16H034:5,5,5,20
29D13H027-29D13H056:36,12,36,24,48,24
29D13H058-29D15H003:60,10,60,24
29D14H034-29D17H043:40,30,55,30,55,40
29D15H019-29D15H022:36,12,36,24,48,24
29D15H045-29D17H023:30,5,45,5
29D18H008-29D22H005:10,8,24,8
29D18H057-29D22H039:15,10,15,25,25,25
29D20H001-29D20H030:10,8,24,8
29D21H012-29D23H051:33,20,33,35
30D00H043-30D02H054:20,44,35,44
30D01H000-30D01H045:9,30,20,30
30D03H050-30D07H038:10,8,24,8
30D04H001-30D05H006:62,33,62,47
30D04H014-30D05H010:28,40,40,40
30D04H042-30D08H042:40,30,55,30,55,40
30D05H057-30D07H053:10,8,24,8
30D07H028-30D11H001:5,5,5,20
30D07H058-30D10H036:5,5,5,20
30D08H012-30D09H041:50,15,65,15
30D10H056-30D12H001:40,30,55,30,55,40
30D11H021-30D11H032:36,12,36,24,48,24
30D12H054-30D15H055:9,30,20,30
30D13H043-30D15H013:10,8,24,8
30D14H012-30D16H053:50,15,65,15
30D15H045-30D15H057:40,30,55,30,55,40
30D18H042-30D22H000:45,45,58,45
30D20H050-31D00H020:50,15,65,15
30D21H015-30D23H017:28,40,40,40
30D21H033-31D00H048:15,10,15,25,25,25
31D07H046-31D11H036:9,30,20,30
31D08H027-31D11H043:20,44,35,44
31D09H037-31D11H045:5,5,5,20
31D09H046-31D10H031:28,40,40,40
31D10H058-31D14H005:28,40,40,40
31D11H027-31D15H007:20,44,35,44
31D14H037-31D16H024:30,5,45,5
31D14H038-31D18H024:60,10,60,24
31D15H018-31D16H021:3,25,3,42
31D15H024-31D19H003:40,30,55,30,55,40
31D16H033-31D17H048:28,40,40,40
31D17H031-31D20H002:30,5,45,5
31D17H046-31D18H042:30,5,45,5
31D18H018-31D19H003:30,5,45,5
31D18H043-31D19H046:9,30,20,30
31D18H054-31D22H011:40,30,55,30,55,40
31D19H025-31D22H035:28,40,40,40
31D20H029-31D20H035:10,8,24,8
31D22H004-31D23H059:62,33,62,47
31D23H020-31D23H059:30,5,45,5
