01D00H059-01D02H029:30,5,45,5
01D01H027-01D03H010:5,5,5,20
01D04H024-01D05H008:20,44,35,44
01D04H035-01D04H057:20,44,35,44
01D07H001-01D08H041:40,30,55,30,55,40
01D08H010-01D11H034:9,30,20,30
01D08H028-01D11H032:40,30,55,30,55,40
01D08H059-01D12H017:60,10,60,24
01D10H044-01D11H035:3,25,3,42
01D12H045-01D16H030:9,30,20,30
01D14H012-01D15H000:15,10,15,25,25,25
01D14H025-01D14H056:15,10,15,25,25,25
01D14H030-01D17H035:5,5,5,20
01D19H034-01D21H046:9,30,20,30
01D20H042-01D20H046:50,15,65,15
01D20H043-01D23H010:30,5,45,5
01D23H001-02D01H051:40,30,55,30,55,40
01D23H028-01D23H036:60,10,60,24
02D00H031-02D02H011:60,10,60,24
02D01H023-02D03H034:3,25,3,42
02D02H002-02D04H031:60,10,60,24
02D02H017-02D03H006:62,33,62,47
02D02H039-02D02H041:3,25,3,42
02D03H029-02D05H041:60,10,60,24
02D03H052-02D07H008:15,10,15,25,25,25
02D04H057-02D07H047:50,15,65,15
02D06H032-02D09H052:30,5,45,5
02D11H000-02D13H020:45,45,58,45
02D12H040-02D15H025:9,30,20,30
02D13H012-02D15H056:15,10,15,25,25,25
02D13H023-02D14H053:5,5,5,20
02D15H012-02D16H013:15,10,15,25,25,25
02D17H002-02D18H056:33,20,33,35
02D18H013-02D21H038:15,10,15,25,25,25
02D18H033-02D19H047:30,5,45,5
02D18H046-02D20H044:30,5,45,5
02D19H017-02D23H006:15,10,15,25,25,25
02D20H048-02D21H039:60,10,60,24
02D21H051-03D00H012:30,5,45,5
03D00H036-03D03H007:36,12,36,24,48,24
03D01H039-03D02H016:62,33,62,47
03D01H044-03D05H011:60,10,60,24
03D02H002-03D05H036:3,25,3,42
03D04H028-03D07H050:50,15,65,15
03D04H056-03D07H006:10,8,24,8
03D06H039-03D09H023:9,30,20,30
03D09H029-03D13H002:50,15,65,15
03D10H039-03D12H026:30,5,45,5
03D11H022-03D13H057:3,25,3,42
03D12H021-03D14H059:60,10,60,24
03D13H041-03D17H024:60,10,60,24
03D15H017-03D16H019:50,15,65,15
03D17H021-03D18H035:10,8,24,8
03D18H035-03D21H026:33,20,33,35
03D18H050-03D19H037:62,33,62,47
03D19H003-03D21H042:62,33,62,47
03D19H019-03D22H003:20,44,35,44
03D22H040-04D00H003:33,20,33,35
03D23H031-04D00H047:62,33,62,47
04D00H000-04D02H002:62,33,62,47
04D02H019-04D02H055:33,20,33,35
04D05H001-04D07H055:30,5,45,5
04D07H007-04D09H023:50,15,65,15
04D07H012-04D07H018:62,33,62,47
04D08H008-04D11H052:36,12,36,24,48,24
04D09H053-04D12H028:5,5,5,20
04D10H028-04D12H028:28,40,40,40
04D11H029-04D13H058:3,25,3,42
04D12H053-04D14H005:33,20,33,35
04D14H021-04D15H013:3,25,3,42
04D14H031-04D17H004:40,30,55,30,55,40
04D14H047-04D16H033:3,25,3,42
04D15H042-04D17H014:20,44,35,44
04D18H023-04D21H008:10,8,24,8
04D19H031-04D22H051:40,30,55,30,55,40
04D20H022-04D22H034:15,10,15,25,25,25
04D22H053-05D02H019:28,40,40,40
04D23H019-04D23H023:30,5,45,5
05D00H029-05D00H038:10,8,24,8
05D00H035-05D01H023:40,30,55,30,55,40
05D01H004-05D01H024:50,15,65,15
05D02H002-05D04H018:36,12,36,24,48,24
05D05H056-05D06H049:20,44,35,44
05D06H011-05D06H045:30,5,45,5
05D06H058-05D07H016:40,30,55,30,55,40
05D06H059-05D07H057:40,30,55,30,55,40
05D07H016-05D09H027:28,40,40,40
05D07H044-05D09H018:5,5,5,20
05D07H056-05D10H022:9,30,20,30
05D09H040-05D13H014:9,30,20,30
05D09H059-05D12H046:28,40,40,40
05D11H003-05D11H022:30,5,45,5
05D13H012-05D14H044:28,40,40,40
05D14H020-05D18H018:15,10,15,25,25,25
05D15H044-05D17H042:62,33,62,47
05D17H024-05D20H027:30,5,45,5
05D21H040-06D00H048:10,8,24,8
06D00H009-06D03H055:36,12,36,24,48,24
06D00H049-06D02H014:10,8,24,8
06D00H058-06D01H009:28,40,40,40
06D01H027-06D04H042:10,8,24,8
06D05H023-06D08H035:50,15,65,15
06D06H033-06D07H030:15,10,15,25,25,25
06D07H002-06D10H054:3,25,3,42
06D07H019-06D09H038:28,40,40,40
06D08H013-06D10H012:9,30,20,30
06D09H020-06D11H020:40,30,55,30,55,40
06D10H010-06D10H036:62,33,62,47
06D11H031-06D15H001:30,5,45,5
06D13H050-06D16H009:62,33,62,47
06D14H000-06D16H052:10,8,24,8
06D15H005-06D15H042:60,10,60,24
06D15H032-06D16H034:60,10,60,24
06D16H018-06D16H024:10,8,24,8
06D19H058-06D21H042:40,30,55,30,55,40
06D20H042-06D22H010:60,10,60,24
06D21H025-07D00H041:5,5,5,20
06D22H028-06D23H042:40,30,55,30,55,40
06D23H004-06D23H030:20,44,35,44
07D00H008-07D00H049:36,12,36,24,48,24
07D01H035-07D03H024:45,45,58,45
07D01H040-07D04H039:28,40,40,40
07D02H056-07D04H017:60,10,60,24
07D04H009-07D05H016:50,15,65,15
07D04H015-07D07H026:28,40,40,40
07D04H040-07D07H041:62,33,62,47
07D05H014-07D06H001:60,10,60,24
07D05H023-07D09H010:10,8,24,8
07D05H029-07D07H019:15,10,15,25,25,25
07D06H038-07D09H023:9,30,20,30
07D06H040-07D09H022:9,30,20,30
07D08H007-07D10H010:62,33,62,47
07D12H009-07D14H058:10,8,24,8
07D14H010-07D15H012:33,20,33,35
07D17H011-07D19H058:50,15,65,15
07D20H038-08D00H005:10,8,24,8
07D20H042-08D00H004:28,40,40,40
07D23H011-07D23H020:20,44,35,44
08D00H009-08D01H036:62,33,62,47
08D01H030-08D04H036:62,33,62,47
08D08H005-08D11H029:9,30,20,30
08D08H006-08D09H049:10,8,24,8
08D08H052-08D09H038:3,25,3,42
08D09H040-08D11H038:45,45,58,45
08D10H013-08D12H004:60,10,60,24
08D10H044-08D14H001:36,12,36,24,48,24
08D10H051-08D11H027:33,20,33,35
08D15H050-08D16H033:40,30,55,30,55,40
08D16H022-08D17H038:30,5,45,5
08D17H041-08D19H055:60,10,60,24
08D20H023-08D22H036:9,30,20,30
08D20H057-08D21H001:15,10,15,25,25,25
08D22H007-08D23H025:9,30,20,30
08D23H022-09D02H029:5,5,5,20
08D23H055-09D00H027:45,45,58,45
08D23H057-09D01H045:45,45,58,45
09D00H054-09D02H034:9,30,20,30
09D01H047-09D05H009:5,5,5,20
09D02H052-09D06H026:20,44,35,44
09D03H013-09D05H047:36,12,36,24,48,24
09D04H026-09D06H014:40,30,55,30,55,40
09D06H026-09D08H036:36,12,36,24,48,24
09D07H024-09D10H001:33,20,33,35
09D08H048-09D09H035:50,15,65,15
09D09H008-09D12H027:40,30,55,30,55,40
09D10H056-09D12H034:60,10,60,24
09D13H012-09D14H059:40,30,55,30,55,40
09D16H001-09D17H057:33,20,33,35
09D16H058-09D19H040:45,45,58,45
09D17H013-09D18H044:33,20,33,35
09D17H059-09D19H026:36,12,36,24,48,24
09D19H052-09D20H011:3,25,3,42
09D20H037-09D23H015:33,20,33,35
09D22H037-09D23H039:28,40,40,40
09D23H008-10D01H041:5,5,5,20
10D00H006-10D01H020:45,45,58,45
10D00H030-10D02H001:5,5,5,20
10D02H036-10D06H032:60,10,60,24
10D02H050-10D06H031:60,10,60,24
10D03H009-10D04H035:15,10,15,25,25,25
10D06H034-10D07H021:20,44,35,44
10D08H049-10D12H017:36,12,36,24,48,24
10D12H003-10D15H025:28,40,40,40
10D12H051-10D13H032:36,12,36,24,48,24
10D16H002-10D16H046:5,5,5,20
10D16H036-10D18H043:40,30,55,30,55,40
10D17H004-10D18H049:3,25,3,42
10D17H056-10D19H006:50,15,65,15
10D20H015-10D23H025:3,25,3,42
10D20H044-10D23H012:33,20,33,35
10D21H050-10D22H035:33,20,33,35
10D23H030-11D01H046:50,15,65,15
11D01H006-11D04H014:10,8,24,8
11D01H041-11D04H007:40,30,55,30,55,40
11D03H036-11D03H037:36,12,36,24,48,24
11D03H052-11D06H029:33,20,33,35
11D06H024-11D06H057:45,45,58,45
11D06H046-11D09H007:9,30,20,30
11D06H046-11D09H054:40,30,55,30,55,40
11D08H033-11D09H019:45,45,58,45
11D08H051-11D09H022:30,5,45,5
11D11H023-11D15H018:30,5,45,5
11D11H048-11D11H059:28,40,40,40
11D13H059-11D16H002:50,15,65,15
11D14H036-11D15H000:33,20,33,35
11D15H057-11D18H022:10,8,24,8
11D16H025-11D19H012:36,12,36,24,48,24
11D17H023-11D19H043:45,45,58,45
11D18H022-11D22H021:20,44,35,44
11D18H033-11D19H022:15,10,15,25,25,25
11D19H028-11D19H041:30,5,45,5
12D00H009-12D03H007:20,44,35,44
12D00H040-12D03H025:15,10,15,25,25,25
12D00H055-12D04H051:50,15,65,15
12D01H042-12D05H040:36,12,36,24,48,24
12D02H026-12D04H042:50,15,65,15
12D09H049-12D10H057:10,8,24,8
12D11H050-12D11H058:30,5,45,5
12D12H036-12D13H025:20,44,35,44
12D15H033-12D16H045:10,8,24,8
12D18H009-12D21H010:40,30,55,30,55,40
12D18H051-12D19H003:28,40,40,40
12D19H006-12D21H047:45,45,58,45
12D20H021-12D23H058:60,10,60,24
12D22H046-13D01H006:15,10,15,25,25,25
12D23H024-13D00H040:20,44,35,44
12D23H024-13D02H054:62,33,62,47
13D01H025-13D02H048:3,25,3,42
13D02H027-13D05H016:3,25,3,42
13D07H015-13D07H050:3,25,3,42
13D08H009-13D10H013:60,10,60,24
13D10H012-13D11H029:5,5,5,20
13D12H009-13D16H007:15,10,15,25,25,25
13D14H002-13D16H021:62,33,62,47
13D14H031-13D14H034:33,20,33,35
13D14H031-13D16H046:15,10,15,25,25,25
13D14H051-13D16H048:15,10,15,25,25,25
13D14H057-13D16H057:50,15,65,15
13D14H057-13D17H038:30,5,45,5
13D16H044-13D19H005:40,30,55,30,55,40
13D17H032-13D19H004:50,15,65,15
13D21H003-13D22H051:33,20,33,35
13D21H020-13D23H050:10,8,24,8
13D21H043-14D00H015:45,45,58,45
13D22H024-14D01H030:30,5,45,5
13D23H054-14D01H020:28,40,40,40
14D00H028-14D02H039:45,45,58,45
14D00H048-14D00H049:5,5,5,20
14D01H011-14D01H037:30,5,45,5
14D02H045-14D05H028:40,30,55,30,55,40
14D03H006-14D04H056:50,15,65,15
14D03H034-14D06H042:62,33,62,47
14D04H031-14D06H009:36,12,36,24,48,24
14D05H030-14D07H019:30,5,45,5
14D05H051-14D09H006:10,8,24,8
14D06H059-14D10H048:5,5,5,20
14D10H013-14D12H049:30,5,45,5
14D11H014-14D11H023:50,15,65,15
14D11H035-14D13H055:28,40,40,40
14D14H038-14D16H022:10,8,24,8
14D16H037-14D20H022:20,44,35,44
14D18H002-14D18H046:36,12,36,24,48,24
14D18H044-14D19H055:28,40,40,40
14D18H052-14D20H052:36,12,36,24,48,24
14D19H020-14D19H045:33,20,33,35
14D19H048-14D21H008:30,5,45,5
14D21H004-14D23H023:36,12,36,24,48,24
14D21H053-15D01H013:36,12,36,24,48,24
14D22H010-15D01H004:40,30,55,30,55,40
14D23H000-15D01H037:20,44,35,44
15D01H046-15D03H047:9,30,20,30
15D02H013-15D02H059:3,25,3,42
15D02H037-15D05H029:50,15,65,15
15D02H049-15D04H048:15,10,15,25,25,25
15D04H000-15D05H030:10,8,24,8
15D08H034-15D12H028:9,30,20,30
15D09H045-15D10H038:3,25,3,42
15D10H049-15D14H012:40,30,55,30,55,40
15D12H045-15D14H058:40,30,55,30,55,40
15D13H007-15D15H018:5,5,5,20
15D15H043-15D15H047:10,8,24,8
15D16H009-15D16H024:10,8,24,8
15D16H038-15D18H021:3,25,3,42
15D16H045-15D20H000:33,20,33,35
15D17H012-15D18H054:50,15,65,15
15D17H024-15D17H031:60,10,60,24
15D22H053-16D01H048:9,30,20,30
15D23H029-16D03H013:40,30,55,30,55,40
16D00H006-16D03H009:28,40,40,40
16D01H037-16D05H000:62,33,62,47
16D02H047-16D06H037:60,10,60,24
16D05H007-16D05H051:40,30,55,30,55,40
16D05H039-16D09H029:10,8,24,8
16D06H053-16D07H008:15,10,15,25,25,25
16D07H012-16D08H025:28,40,40,40
16D11H015-16D11H035:30,5,45,5
16D12H020-16D16H009:28,40,40,40
16D12H025-16D14H020:30,5,45,5
16D14H019-16D14H047:10,8,24,8
16D16H021-16D16H058:36,12,36,24,48,24
16D16H036-16D18H021:33,20,33,35
16D17H027-16D18H050:33,20,33,35
16D18H054-16D19H022:10,8,24,8
16D19H030-16D22H057:10,8,24,8
16D19H039-16D19H041:5,5,5,20
16D21H011-16D23H004:15,10,15,25,25,25
17D00H042-17D02H038:36,12,36,24,48,24
17D01H015-17D01H030:3,25,3,42
17D01H054-17D02H013:36,12,36,24,48,24
17D02H035-17D06H005:10,8,24,8
17D04H011-17D06H019:45,45,58,45
17D04H012-17D04H019:28,40,40,40
17D05H054-17D08H002:15,10,15,25,25,25
17D06H004-17D06H040:40,30,55,30,55,40
17D06H006-17D08H018:20,44,35,44
17D06H027-17D07H024:20,44,35,44
17D07H032-17D08H048:62,33,62,47
17D07H043-17D09H024:33,20,33,35
17D11H052-17D13H037:3,25,3,42
17D12H047-17D13H058:3,25,3,42
17D12H058-17D14H047:5,5,5,20
17D14H023-17D14H044:5,5,5,20
17D15H057-17D17H042:30,5,45,5
17D17H048-17D18H011:30,5,45,5
17D21H030-18D00H001:10,8,24,8
17D21H032-17D23H052:28,40,40,40
17D22H000-17D23H027:28,40,40,40
18D00H006-18D03H009:50,15,65,15
18D00H059-18D04H040:10,8,24,8
18D01H027-18D01H038:20,44,35,44
18D01H057-18D05H057:20,44,35,44
18D04H010-18D08H007:5,5,5,20
18D06H002-18D08H029:45,45,58,45
18D09H006-18D11H022:33,20,33,35
18D09H022-18D11H053:33,20,33,35
18D11H026-18D14H019:45,45,58,45
18D12H015-18D15H015:45,45,58,45
18D13H013-18D15H043:28,40,40,40
18D15H028-18D18H019:9,30,20,30
18D17H053-18D19H044:62,33,62,47
18D17H055-18D20H006:40,30,55,30,55,40
18D18H027-18D20H018:5,5,5,20
18D20H027-18D23H058:10,8,24,8
18D20H038-18D23H056:33,20,33,35
18D22H041-19D00H014:9,30,20,30
19D00H043-19D02H056:36,12,36,24,48,24
19D01H008-19D01H029:40,30,55,30,55,40
19D01H029-19D04H040:15,10,15,25,25,25
19D01H051-19D05H008:15,10,15,25,25,25
19D03H015-19D05H019:20,44,35,44
19D03H016-19D05H037:28,40,40,40
19D03H057-19D04H019:20,44,35,44
19D05H005-19D05H018:3,25,3,42
19D05H038-19D06H004:28,40,40,40
19D05H040-19D08H022:20,44,35,44
19D15H059-19D19H012:9,30,20,30
19D16H033-19D16H054:33,20,33,35
19D17H010-19D19H002:3,25,3,42
19D18H037-19D20H057:30,5,45,5
19D20H012-19D23H048:33,20,33,35
19D21H028-20D00H012:30,5,45,5
19D23H006-20D02H047:20,44,35,44
19D23H051-20D02H045:30,5,45,5
20D01H039-20D03H039:30,5,45,5
20D02H027-20D04H058:15,10,15,25,25,25
20D03H035-20D05H040:36,12,36,24,48,24
20D05H005-20D07H024:62,33,62,47
20D06H026-20D07H032:36,12,36,24,48,24
20D06H030-20D10H006:40,30,55,30,55,40
20D07H022-20D10H013:28,40,40,40
20D07H046-20D10H000:45,45,58,45
20D08H016-20D08H056:3,25,3,42
20D10H011-20D11H004:5,5,5,20
20D10H025-20D13H015:40,30,55,30,55,40
20D11H009-20D14H025:50,15,65,15
20D13H025-20D15H058:28,40,40,40
20D14H047-20D17H022:62,33,62,47
20D16H024-20D18H027:30,5,45,5
20D17H012-20D17H027:33,20,33,35
20D19H052-20D21H048:28,40,40,40
20D20H005-20D20H021:9,30,20,30
20D20H010-20D23H008:28,40,40,40
20D21H055-21D00H005:36,12,36,24,48,24
20D22H025-20D22H045:28,40,40,40
20D22H044-21D00H031:40,30,55,30,55,40
20D22H056-21D00H014:30,5,45,5
20D23H040-20D23H054:15,10,15,25,25,25
20D23H044-20D23H045:60,10,60,24
21D00H053-21D02H000:3,25,3,42
21D02H013-21D02H044:28,40,40,40
21D03H003-21D04H016:9,30,20,30
21D03H006-21D05H013:15,10,15,25,25,25
21D03H016-21D03H055:5,5,5,20
21D03H047-21D04H033:3,25,3,42
21D04H048-21D06H009:60,10,60,24
21D06H008-21D09H043:10,8,24,8
21D07H012-21D07H051:50,15,65,15
21D07H059-21D11H037:10,8,24,8
21D09H042-21D11H033:45,45,58,45
21D09H058-21D13H032:30,5,45,5
21D12H030-21D16H012:45,45,58,45
21D12H044-21D13H051:20,44,35,44
21D17H050-21D19H046:33,20,33,35
21D18H053-21D21H020:33,20,33,35
21D21H050-21D22H047:50,15,65,15
21D22H003-21D23H016:5,5,5,20
21D22H009-22D01H011:62,33,62,47
21D23H003-22D00H018:20,44,35,44
22D00H029-22D01H041:28,40,40,40
22D01H010-22D04H037:36,12,36,24,48,24
22D02H010-22D03H055:50,15,65,15
22D04H017-22D08H002:5,5,5,20
22D06H011-22D06H055:60,10,60,24
22D06H031-22D09H019:20,44,35,44
22D07H017-22D09H006:60,10,60,24
22D08H009-22D09H048:15,10,15,25,25,25
22D08H040-22D10H005:9,30,20,30
22D08H052-22D08H053:40,30,55,30,55,40
22D12H035-22D12H051:45,45,58,45
22D14H027-22D16H014:45,45,58,45
22D14H052-22D18H004:9,30,20,30
23D02H047-23D03H050:10,8,24,8
23D06H030-23D06H034:50,15,65,15
23D07H032-23D10H047:20,44,35,44
23D08H055-23D12H053:45,45,58,45
23D10H032-23D13H028:62,33,62,47
23D12H046-23D13H051:62,33,62,47
23D13H023-23D13H035:10,8,24,8
23D14H021-23D17H010:36,12,36,24,48,24
23D15H006-23D18H049:45,45,58,45
23D16H024-23D20H002:40,30,55,30,55,40
23D18H048-23D22H010:36,12,36,24,48,24
23D21H027-23D21H043:30,5,45,5
23D21H037-23D22H024:45,45,58,45
24D01H003-24D03H014:50,15,65,15
24D04H006-24D04H021:30,5,45,5
24D04H044-24D08H031:45,45,58,45
24D05H040-24D05H044:30,5,45,5
24D07H002-24D08H054:62,33,62,47
24D11H027-24D13H007:5,5,5,20
24D11H050-24D15H036:30,5,45,5
24D12H051-24D15H056:62,33,62,47
24D14H007-24D17H012:50,15,65,15
24D16H034-24D16H045:40,30,55,30,55,40
24D17H041-24D19H059:15,10,15,25,25,25
24D18H049-24D22H007:60,10,60,24
24D18H052-24D21H020:10,8,24,8
24D19H025-24D21H012:10,8,24,8
24D21H042-24D23H044:5,5,5,20
24D22H005-24D23H009:15,10,15,25,25,25
24D23H056-25D03H031:10,8,24,8
25D00H023-25D04H023:36,12,36,24,48,24
25D00H027-25D03H000:60,10,60,24
25D01H008-25D01H044:3,25,3,42
25D03H014-25D04H046:5,5,5,20
25D05H044-25D08H019:30,5,45,5
25D09H012-25D12H051:20,44,35,44
25D09H020-25D11H008:20,44,35,44
25D11H037-25D14H026:62,33,62,47
25D12H020-25D13H025:62,33,62,47
25D14H015-25D18H004:9,30,20,30
25D15H039-25D16H046:36,12,36,24,48,24
25D16H000-25D16H057:50,15,65,15
25D16H005-25D19H033:60,10,60,24
25D16H006-25D18H041:20,44,35,44
25D17H037-25D20H017:28,40,40,40
25D20H041-25D21H021:20,44,35,44
25D21H045-25D23H045:62,33,62,47
25D22H010-25D23H053:30,5,45,5
25D22H027-26D00H048:45,45,58,45
25D22H044-26D00H059:62,33,62,47
26D00H019-26D03H038:9,30,20,30
26D00H020-26D02H009:3,25,3,42
26D01H027-26D02H029:60,10,60,24
26D02H006-26D05H045:9,30,20,30
26D03H001-26D06H021:45,45,58,45
26D03H004-26D06H000:33,20,33,35
26D03H048-26D05H014:20,44,35,44
26D05H009-26D07H050:60,10,60,24
26D05H032-26D09H026:3,25,3,42
26D06H011-26D08H000:3,25,3,42
26D07H019-26D08H025:62,33,62,47
26D07H040-26D08H023:33,20,33,35
26D07H054-26D08H039:62,33,62,47
26D07H055-26D09H002:3,25,3,42
26D09H010-26D11H046:15,10,15,25,25,25
26D10H005-26D12H001:40,30,55,30,55,40
26D10H022-26D10H050:20,44,35,44
26D13H038-26D15H049:30,5,45,5
26D14H032-26D14H035:33,20,33,35
26D14H032-26D17H037:60,10,60,24
26D14H045-26D14H054:50,15,65,15
26D14H048-26D15H016:45,45,58,45
26D17H016-26D20H018:15,10,15,25,25,25
26D17H036-26D20H054:36,12,36,24,48,24
26D19H043-26D21H027:15,10,15,25,25,25
26D19H050-26D21H028:9,30,20,30
26D19H057-26D20H018:28,40,40,40
26D22H029-26D22H055:36,12,36,24,48,24
26D22H043-26D23H001:36,12,36,24,48,24
27D01H001-27D04H055:15,10,15,25,25,25
27D02H055-27D02H058:40,30,55,30,55,40
27D03H030-27D06H041:28,40,40,40
27D06H003-27D07H013:62,33,62,47
27D07H022-27D09H010:28,40,40,40
27D09H037-27D10H020:36,12,36,24,48,24
27D09H043-27D10H027:30,5,45,5
27D09H046-27D13H037:50,15,65,15
27D11H002-27D13H052:3,25,3,42
27D13H010-27D16H022:40,30,55,30,55,40
27D13H052-27D17H041:50,15,65,15
27D14H058-27D18H010:62,33,62,47
27D15H051-27D16H002:33,20,33,35
27D16H014-27D18H018:40,30,55,30,55,40
27D17H048-27D18H006:45,45,58,45
27D18H000-27D21H045:20,44,35,44
27D18H032-27D18H042:15,10,15,25,25,25
27D19H016-27D19H054:9,30,20,30
27D19H029-27D23H000:28,40,40,40
27D22H010-27D23H008:50,15,65,15
27D22H045-27D23H056:36,12,36,24,48,24
27D23H026-28D01H033:15,10,15,25,25,25
27D23H029-28D02H037:3,25,3,42
28D00H005-28D03H029:40,30,55,30,55,40
28D01H011-28D02H042:36,12,36,24,48,24
28D01H023-28D05H002:3,25,3,42
28D01H042-28D02H032:33,20,33,35
28D06H043-28D08H028:40,30,55,30,55,40
28D08H050-28D08H059:20,44,35,44
28D09H054-28D10H054:45,45,58,45
28D11H003-28D13H042:33,20,33,35
28D11H008-28D14H026:15,10,15,25,25,25
28D12H003-28D14H018:9,30,20,30
28D13H017-28D14H010:30,5,45,5
28D13H020-28D14H020:28,40,40,40
28D13H042-28D16H000:28,40,40,40
28D14H001-28D15H012:60,10,60,24
28D14H013-28D16H055:10,8,24,8
28D14H037-28D15H008:10,8,24,8
28D14H041-28D17H038:40,30,55,30,55,40
28D14H055-28D15H058:60,10,60,24
28D16H023-28D17H047:50,15,65,15
28D19H020-28D21H057:9,30,20,30
28D20H036-28D22H049:15,10,15,25,25,25
28D21H017-29D00H047:3,25,3,42
28D22H020-29D01H033:33,20,33,35
28D22H031-28D23H017:40,30,55,30,55,40
28D23H017-29D00H041:60,10,60,24
29D00H048-29D04H044:33,20,33,35
29D02H033-29D05H037:40,30,55,30,55,40
29D02H045-29D03H041:15,10,15,25,25,25
29D02H057-29D04H029:40,30,55,30,55,40
29D03H059-29D06H050:60,10,60,24
29D05H001-29D06H051:15,10,15,25,25,25
29D05H049-29D09H044:36,12,36,24,48,24
29D07H045-29D07H048:15,10,15,25,25,25
29D09H058-29D12H014:20,44,35,44
29D10H052-29D10H055:30,5,45,5
29D11H025-29D12H050:30,5,45,5
29D12H030-29D16H020:28,40,40,40
29D12H031-29D14H033:3,25,3,42
29D12H035-29D13H059:62,33,62,47
29D12H055-29D14H028:15,10,15,25,25,25
29D13H032-29D15H024:50,15,65,15
29D16H000-29D18H040:28,40,40,40
29D17H002-29D17H048:30,5,45,5
29D18H059-29D21H001:62,33,62,47
29D19H031-29D22H023:9,30,20,30
29D20H024-29D20H036:10,8,24,8
29D20H057-29D22H007:33,20,33,35
29D21H023-29D23H041:30,5,45,5
30D00H018-30D03H056:50,15,65,15
30D01H053-30D03H008:50,15,65,15
30D02H040-30D05H022:9,30,20,30
30D03H013-30D06H030:15,10,15,25,25,25
30D05H016-30D06H007:10,8,24,8
30D07H024-30D08H002:10,8,24,8
30D10H005-30D12H011:30,5,45,5
30D10H019-30D11H024:33,20,33,35
30D10H031-30D12H042:3,25,3,42
30D10H059-30D13H036:28,40,40,40
30D12H017-30D14H010:28,40,40,40
30D14H004-30D17H034:40,30,55,30,55,40
30D14H027-30D14H056:50,15,65,15
30D14H032-30D18H002:36,12,36,24,48,24
30D16H042-30D18H008:33,20,33,35
30D17H014-30D17H040:60,10,60,24
30D17H032-30D19H059:3,25,3,42
30D18H007-30D20H058:33,20,33,35
30D18H018-30D18H031:20,44,35,44
30D20H026-30D23H034:9,30,20,30
30D20H044-30D22H031:36,12,36,24,48,24
30D21H047-30D21H050:33,20,33,35
30D22H022-30D23H059:3,25,3,42
