01D00H022-01D03H017:50,15,65,15
01D02H021-01D06H006:20,44,35,44
01D04H050-01D06H054:28,40,40,40
01D04H059-01D07H001:15,10,15,25,25,25
01D09H017-01D12H037:28,40,40,40
01D12H026-01D15H027:62,33,62,47
01D15H038-01D18H002:45,45,58,45
01D19H043-01D20H005:10,8,24,8
01D20H021-01D23H045:3,25,3,42
01D21H050-02D00H002:45,45,58,45
01D22H026-02D00H048:33,20,33,35
01D22H038-02D01H056:33,20,33,35
01D23H000-02D02H050:3,25,3,42
01D23H043-02D03H017:45,45,58,45
02D01H007-02D04H053:15,10,15,25,25,25
02D02H035-02D06H006:30,5,45,5
02D03H047-02D06H020:36,12,36,24,48,24
02D05H002-02D07H002:28,40,40,40
02D08H021-02D10H029:33,20,33,35
02D10H012-02D10H029:62,33,62,47
02D10H040-02D14H002:20,44,35,44
02D10H043-02D10H048:45,45,58,45
02D13H004-02D15H053:50,15,65,15
02D13H044-02D14H011:9,30,20,30
02D13H056-02D16H050:60,10,60,24
02D14H052-02D18H025:40,30,55,30,55,40
02D19H014-02D22H042:50,15,65,15
02D19H041-02D20H050:50,15,65,15
02D20H027-03D00H025:28,40,40,40
02D20H056-03D00H015:33,20,33,35
02D23H013-02D23H049:50,15,65,15
03D00H009-03D03H029:15,10,15,25,25,25
03D01H004-03D02H021:40,30,55,30,55,40
03D05H049-03D08H044:36,12,36,24,48,24
03D05H058-03D06H025:30,5,45,5
03D06H039-03D08H007:45,45,58,45
03D07H021-03D07H027:50,15,65,15
03D08H019-03D10H032:3,25,3,42
03D08H044-03D09H018:15,10,15,25,25,25
03D09H058-03D11H057:28,40,40,40
03D11H016-03D12H025:20,44,35,44
03D11H019-03D12H012:33,20,33,35
03D11H022-03D12H009:45,45,58,45
03D13H059-03D16H018:15,10,15,25,25,25
03D15H026-03D18H021:30,5,45,5
03D19H008-03D20H034:62,33,62,47
03D19H024-03D20H035:5,5,5,20
03D22H018-04D01H052:50,15,65,15
03D22H025-03D23H022:60,10,60,24
03D22H049-04D01H002:60,10,60,24
03D23H047-04D00H050:3,25,3,42
04D01H006-04D04H055:45,45,58,45
04D04H046-04D05H001:15,10,15,25,25,25
04D05H004-04D05H010:50,15,65,15
04D05H029-04D07H011:28,40,40,40
04D06H006-04D06H022:30,5,45,5
04D06H012-04D09H044:40,30,55,30,55,40
04D08H026-04D12H011:50,15,65,15
04D08H031-04D10H011:40,30,55,30,55,40
04D09H028-04D13H016:28,40,40,40
04D10H053-04D11H008:62,33,62,47
04D12H050-04D15H044:10,8,24,8
04D15H012-04D16H018:60,10,60,24
04D15H019-04D17H049:5,5,5,20
04D15H042-04D18H056:5,5,5,20
04D15H048-04D18H027:40,30,55,30,55,40
04D16H051-04D17H047:5,5,5,20
04D16H051-04D18H025:36,12,36,24,48,24
04D17H006-04D21H006:5,5,5,20
04D17H039-04D18H029:36,12,36,24,48,24
04D18H042-04D18H057:62,33,62,47
04D20H007-04D20H012:15,10,15,25,25,25
04D21H003-04D23H001:60,10,60,24
04D23H027-05D02H054:36,12,36,24,48,24
05D00H004-05D01H006:40,30,55,30,55,40
05D02H030-05D04H046:3,25,3,42
05D02H049-05D05H042:40,30,55,30,55,40
05D03H054-05D07H029:3,25,3,42
05D05H003-05D06H019:30,5,45,5
05D06H044-05D08H059:5,5,5,20
05D07H006-05D07H032:9,30,20,30
05D07H034-05D07H041:3,25,3,42
05D08H008-05D09H038:9,30,20,30
05D14H002-05D15H051:33,20,33,35
05D14H042-05D17H012:36,12,36,24,48,24
05D15H053-05D17H020:15,10,15,25,25,25
05D16H029-05D19H026:3,25,3,42
05D16H043-05D19H000:3,25,3,42
05D17H057-05D20H020:5,5,5,20
05D18H004-05D18H010:30,5,45,5
05D18H012-05D20H027:36,12,36,24,48,24
05D18H034-05D20H047:28,40,40,40
05D19H010-05D22H020:50,15,65,15
05D20H011-05D22H043:40,30,55,30,55,40
05D20H028-05D21H025:36,12,36,24,48,24
06D01H021-06D03H031:9,30,20,30
06D04H005-06D06H023:9,30,20,30
06D05H007-06D05H012:15,10,15,25,25,25
06D05H012-06D08H014:15,10,15,25,25,25
06D07H002-06D10H053:10,8,24,8
06D11H004-06D12H028:62,33,62,47
06D12H013-06D15H004:3,25,3,42
06D12H048-06D12H051:30,5,45,5
06D13H052-06D16H039:28,40,40,40
06D18H000-06D20H044:45,45,58,45
06D18H024-06D19H018:60,10,60,24
06D22H005-07D00H038:20,44,35,44
06D23H034-07D01H049:3,25,3,42
07D00H009-07D03H043:36,12,36,24,48,24
07D00H049-07D01H004:5,5,5,20
07D01H049-07D05H022:5,5,5,20
07D02H019-07D03H017:50,15,65,15
07D02H058-07D06H004:9,30,20,30
07D03H000-07D05H055:28,40,40,40
07D05H033-07D08H058:15,10,15,25,25,25
07D06H048-07D07H003:15,10,15,25,25,25
07D07H000-07D07H055:15,10,15,25,25,25
07D07H030-07D08H022:3,25,3,42
07D07H032-07D10H013:40,30,55,30,55,40
07D08H035-07D08H046:62,33,62,47
07D13H021-07D16H049:45,45,58,45
07D15H044-07D17H020:3,25,3,42
07D17H042-07D18H041:50,15,65,15
07D19H021-07D20H028:15,10,15,25,25,25
07D23H020-07D23H029:20,44,35,44
07D23H040-08D03H001:28,40,40,40
07D23H052-08D02H017:62,33,62,47
08D02H004-08D04H058:3,25,3,42
08D06H011-08D08H046:10,8,24,8
08D11H053-08D13H052:9,30,20,30
08D13H005-08D16H013:30,5,45,5
08D14H053-08D15H052:40,30,55,30,55,40
08D15H001-08D18H025:9,30,20,30
08D16H026-08D19H011:3,25,3,42
08D17H048-08D17H058:30,5,45,5
08D18H013-08D21H057:50,15,65,15
08D18H039-08D21H056:50,15,65,15
08D18H058-08D22H057:45,45,58,45
08D19H011-08D19H056:9,30,20,30
08D20H024-08D21H008:62,33,62,47
08D22H005-08D23H030:10,8,24,8
08D22H026-08D23H029:50,15,65,15
08D22H048-09D00H053:3,25,3,42
08D23H023-09D01H054:20,44,35,44
09D01H002-09D03H010:40,30,55,30,55,40
09D01H009-09D02H055:30,5,45,5
09D01H042-09D04H013:45,45,58,45
09D02H055-09D03H004:62,33,62,47
09D03H032-09D06H044:20,44,35,44
09D04H056-09D07H030:36,12,36,24,48,24
09D06H019-09D07H002:30,5,45,5
09D06H036-09D09H048:40,30,55,30,55,40
09D06H047-09D08H022:62,33,62,47
09D07H015-09D08H022:50,15,65,15
09D07H036-09D10H000:10,8,24,8
09D08H057-09D11H019:28,40,40,40
09D09H042-09D11H041:33,20,33,35
09D11H007-09D12H004:10,8,24,8
09D13H027-09D17H011:45,45,58,45
09D15H010-09D18H013:15,10,15,25,25,25
09D15H033-09D17H057:30,5,45,5
09D16H015-09D16H053:50,15,65,15
09D17H040-09D18H005:3,25,3,42
09D18H011-09D20H023:45,45,58,45
09D18H027-09D18H056:3,25,3,42
09D19H031-09D22H010:15,10,15,25,25,25
09D20H030-09D22H028:40,30,55,30,55,40
09D20H044-09D21H000:28,40,40,40
09D21H055-09D23H021:62,33,62,47
10D00H000-10D01H025:36,12,36,24,48,24
10D04H002-10D07H057:45,45,58,45
10D04H022-10D06H009:20,44,35,44
10D04H024-10D05H048:36,12,36,24,48,24
10D06H030-10D07H013:15,10,15,25,25,25
10D07H006-10D10H036:15,10,15,25,25,25
10D09H001-10D10H000:45,45,58,45
10D12H043-10D15H058:30,5,45,5
10D14H056-10D16H012:45,45,58,45
10D15H002-10D16H024:9,30,20,30
10D15H036-10D18H012:15,10,15,25,25,25
10D16H016-10D19H036:36,12,36,24,48,24
10D19H004-10D20H058:45,45,58,45
10D19H029-10D23H005:3,25,3,42
10D19H055-10D22H015:20,44,35,44
10D22H003-11D01H050:9,30,20,30
10D22H048-11D00H036:10,8,24,8
10D23H038-11D02H039:60,10,60,24
10D23H041-10D23H051:50,15,65,15
10D23H058-11D03H058:62,33,62,47
11D00H042-11D01H009:5,5,5,20
11D05H014-11D08H035:62,33,62,47
11D07H056-11D11H015:10,8,24,8
11D07H059-11D08H047:28,40,40,40
11D09H033-11D10H011:45,45,58,45
11D13H026-11D17H012:45,45,58,45
11D13H040-11D14H009:60,10,60,24
11D14H043-11D14H056:30,5,45,5
11D14H057-11D18H011:40,30,55,30,55,40
11D16H012-11D19H023:30,5,45,5
11D17H029-11D20H026:5,5,5,20
11D17H042-11D20H033:60,10,60,24
11D18H001-11D21H023:36,12,36,24,48,24
11D19H026-11D22H046:45,45,58,45
11D19H046-11D23H031:62,33,62,47
12D01H050-12D05H039:15,10,15,25,25,25
12D02H000-12D05H037:36,12,36,24,48,24
12D03H018-12D04H015:50,15,65,15
12D03H037-12D05H016:62,33,62,47
12D03H057-12D04H033:3,25,3,42
12D05H031-12D07H002:40,30,55,30,55,40
12D07H022-12D11H015:15,10,15,25,25,25
12D09H006-12D11H050:60,10,60,24
12D11H016-12D14H042:62,33,62,47
12D11H058-12D13H053:10,8,24,8
12D14H009-12D14H027:10,8,24,8
12D15H033-12D15H059:60,10,60,24
12D15H058-12D18H044:28,40,40,40
12D19H007-12D22H031:40,30,55,30,55,40
12D19H035-12D19H036:28,40,40,40
12D22H016-13D00H059:45,45,58,45
12D23H027-13D02H010:9,30,20,30
13D00H016-13D02H037:45,45,58,45
13D00H041-13D02H003:20,44,35,44
13D04H020-13D04H056:33,20,33,35
13D04H032-13D07H000:3,25,3,42
13D06H001-13D08H007:28,40,40,40
13D07H028-13D09H001:28,40,40,40
13D08H005-13D08H009:20,44,35,44
13D08H036-13D12H020:20,44,35,44
13D08H045-13D08H056:3,25,3,42
13D12H038-13D15H046:45,45,58,45
13D16H059-13D18H020:60,10,60,24
13D17H008-13D19H022:36,12,36,24,48,24
13D17H046-13D19H035:33,20,33,35
13D17H057-13D19H049:20,44,35,44
13D18H018-13D20H045:40,30,55,30,55,40
13D18H045-13D20H007:45,45,58,45
13D18H054-13D19H053:15,10,15,25,25,25
13D20H000-13D20H020:30,5,45,5
13D23H015-14D02H037:20,44,35,44
13D23H021-14D01H054:5,5,5,20
14D01H034-14D04H010:62,33,62,47
14D02H050-14D06H010:36,12,36,24,48,24
14D03H017-14D03H018:20,44,35,44
14D04H009-14D06H052:36,12,36,24,48,24
14D06H009-14D07H013:3,25,3,42
14D06H021-14D10H011:33,20,33,35
14D06H026-14D06H043:62,33,62,47
14D06H056-14D07H058:45,45,58,45
14D07H013-14D07H036:33,20,33,35
14D07H042-14D08H036:3,25,3,42
14D08H010-14D11H035:50,15,65,15
14D08H059-14D11H035:40,30,55,30,55,40
14D09H046-14D12H044:40,30,55,30,55,40
14D10H027-14D11H023:9,30,20,30
14D11H011-14D11H051:28,40,40,40
14D13H015-14D13H019:30,5,45,5
14D14H018-14D16H042:30,5,45,5
14D14H019-14D18H010:50,15,65,15
14D16H023-14D16H038:33,20,33,35
14D16H053-14D19H039:30,5,45,5
14D17H030-14D17H033:45,45,58,45
14D19H000-14D22H015:15,10,15,25,25,25
14D20H048-14D23H049:36,12,36,24,48,24
14D23H019-15D00H016:62,33,62,47
15D00H048-15D04H040:3,25,3,42
15D01H035-15D02H041:28,40,40,40
15D04H031-15D07H059:9,30,20,30
15D04H047-15D06H059:50,15,65,15
15D04H050-15D04H051:50,15,65,15
15D05H005-15D08H012:60,10,60,24
15D05H013-15D06H041:33,20,33,35
15D05H043-15D06H046:40,30,55,30,55,40
15D06H012-15D09H041:45,45,58,45
15D06H038-15D07H043:20,44,35,44
15D06H040-15D09H050:10,8,24,8
15D07H016-15D10H025:15,10,15,25,25,25
15D09H059-15D11H042:60,10,60,24
15D10H014-15D11H040:9,30,20,30
15D11H050-15D12H014:20,44,35,44
15D12H059-15D16H058:9,30,20,30
15D14H049-15D17H007:20,44,35,44
15D18H010-15D22H000:28,40,40,40
15D19H041-15D19H044:45,45,58,45
15D20H017-15D23H032:62,33,62,47
15D23H006-16D00H042:33,20,33,35
16D01H039-16D04H023:20,44,35,44
16D02H038-16D03H054:5,5,5,20
16D02H044-16D04H029:45,45,58,45
16D02H047-16D06H003:33,20,33,35
16D02H058-16D03H048:9,30,20,30
16D03H038-16D04H013:15,10,15,25,25,25
16D04H036-16D07H026:28,40,40,40
16D04H040-16D07H051:36,12,36,24,48,24
16D06H008-16D08H036:50,15,65,15
16D08H018-16D10H058:62,33,62,47
16D08H025-16D12H014:9,30,20,30
16D09H029-16D12H055:9,30,20,30
16D10H002-16D10H055:15,10,15,25,25,25
16D10H012-16D12H009:3,25,3,42
16D10H059-16D13H052:60,10,60,24
16D14H000-16D17H020:10,8,24,8
16D15H021-16D18H058:9,30,20,30
16D15H023-16D18H045:20,44,35,44
16D16H039-16D17H041:40,30,55,30,55,40
16D19H000-16D20H000:28,40,40,40
16D23H051-17D02H009:30,5,45,5
17D02H049-17D04H042:9,30,20,30
17D02H057-17D06H044:50,15,65,15
17D05H035-17D06H037:20,44,35,44
17D05H057-17D08H015:15,10,15,25,25,25
17D06H022-17D06H047:3,25,3,42
17D08H026-17D11H035:3,25,3,42
17D11H043-17D13H018:62,33,62,47
17D14H007-17D15H013:10,8,24,8
17D14H021-17D17H049:15,10,15,25,25,25
17D15H052-17D17H057:60,10,60,24
17D16H008-17D17H046:9,30,20,30
17D16H025-17D19H020:33,20,33,35
17D19H031-17D23H012:60,10,60,24
17D19H035-17D22H001:30,5,45,5
18D00H019-18D00H033:30,5,45,5
18D01H029-18D05H015:60,10,60,24
18D04H005-18D06H055:40,30,55,30,55,40
18D05H054-18D09H054:3,25,3,42
18D06H002-18D07H022:45,45,58,45
18D06H049-18D08H014:30,5,45,5
18D07H021-18D10H029:3,25,3,42
18D07H050-18D09H001:62,33,62,47
18D11H008-18D12H019:28,40,40,40
18D14H049-18D15H038:40,30,55,30,55,40
18D15H029-18D18H004:15,10,15,25,25,25
18D15H049-18D15H057:60,10,60,24
18D17H054-18D19H047:45,45,58,45
18D19H008-18D20H000:30,5,45,5
18D19H036-18D22H050:15,10,15,25,25,25
18D19H059-18D23H007:28,40,40,40
18D20H015-18D21H023:9,30,20,30
18D21H022-19D00H015:3,25,3,42
18D22H057-19D02H002:28,40,40,40
18D23H002-19D02H003:5,5,5,20
18D23H011-18D23H032:15,10,15,25,25,25
18D23H028-19D02H007:45,45,58,45
19D02H021-19D03H021:62,33,62,47
19D03H039-19D07H022:33,20,33,35
19D03H046-19D05H018:30,5,45,5
19D04H034-19D07H018:10,8,24,8
19D07H020-19D11H002:15,10,15,25,25,25
19D07H036-19D11H020:33,20,33,35
19D08H051-19D12H050:5,5,5,20
19D10H034-19D11H004:50,15,65,15
19D12H008-19D14H000:36,12,36,24,48,24
19D13H039-19D14H036:45,45,58,45
19D14H021-19D15H059:36,12,36,24,48,24
19D14H024-19D17H025:45,45,58,45
19D19H031-19D23H016:9,30,20,30
19D21H012-19D22H034:40,30,55,30,55,40
19D22H026-20D00H007:28,40,40,40
19D22H035-19D23H055:62,33,62,47
19D22H057-20D01H041:3,25,3,42
20D00H005-20D00H019:15,10,15,25,25,25
20D01H019-20D04H055:20,44,35,44
20D01H033-20D04H041:5,5,5,20
20D06H004-20D06H021:45,45,58,45
20D06H010-20D09H001:30,5,45,5
20D08H038-20D10H030:10,8,24,8
20D09H049-20D10H003:15,10,15,25,25,25
20D12H032-20D15H059:33,20,33,35
20D13H018-20D13H057:9,30,20,30
20D13H050-20D17H032:15,10,15,25,25,25
20D14H043-20D18H001:40,30,55,30,55,40
20D15H019-20D18H034:62,33,62,47
20D16H010-20D18H002:5,5,5,20
20D19H040-20D20H022:5,5,5,20
20D20H002-20D20H006:60,10,60,24
20D21H041-20D22H056:15,10,15,25,25,25
20D22H009-20D22H055:20,44,35,44
20D22H015-21D00H029:28,40,40,40
20D22H017-21D00H026:5,5,5,20
21D00H040-21D04H003:28,40,40,40
21D00H055-21D04H052:30,5,45,5
21D01H008-21D01H045:30,5,45,5
21D02H007-21D05H054:15,10,15,25,25,25
21D03H035-21D06H038:50,15,65,15
21D04H003-21D07H033:5,5,5,20
21D04H059-21D07H046:50,15,65,15
21D06H008-21D10H002:33,20,33,35
21D06H031-21D06H042:9,30,20,30
21D07H002-21D10H021:33,20,33,35
21D09H013-21D09H032:9,30,20,30
21D12H034-21D16H034:20,44,35,44
21D12H051-21D16H025:28,40,40,40
21D13H023-21D17H007:9,30,20,30
21D14H055-21D17H021:62,33,62,47
21D15H008-21D17H007:33,20,33,35
21D15H022-21D17H017:60,10,60,24
21D15H041-21D16H005:50,15,65,15
21D18H046-21D21H051:5,5,5,20
21D19H059-21D22H023:10,8,24,8
21D20H006-21D22H042:10,8,24,8
21D20H036-21D23H007:20,44,35,44
22D00H021-22D03H014:5,5,5,20
22D00H038-22D01H008:30,5,45,5
22D01H012-22D02H028:60,10,60,24
22D02H015-22D04H054:3,25,3,42
22D03H006-22D04H006:10,8,24,8
22D04H019-22D07H008:45,45,58,45
22D07H022-22D07H024:36,12,36,24,48,24
22D07H027-22D10H055:3,25,3,42
22D07H036-22D10H044:10,8,24,8
22D09H036-22D10H006:40,30,55,30,55,40
22D09H056-22D13H042:36,12,36,24,48,24
22D10H010-22D12H006:30,5,45,5
22D10H012-22D10H025:28,40,40,40
22D10H024-22D14H021:62,33,62,47
22D11H055-22D13H049:3,25,3,42
22D12H024-22D14H019:40,30,55,30,55,40
22D13H043-22D16H017:40,30,55,30,55,40
22D14H057-22D18H030:33,20,33,35
22D16H044-22D17H013:36,12,36,24,48,24
22D19H051-22D23H007:15,10,15,25,25,25
22D20H012-22D23H028:62,33,62,47
22D22H034-22D23H052:20,44,35,44
23D02H047-23D03H006:9,30,20,30
23D06H039-23D07H009:5,5,5,20
23D07H029-23D09H036:3,25,3,42
23D09H038-23D11H058:9,30,20,30
23D10H013-23D11H015:10,8,24,8
23D11H002-23D11H031:30,5,45,5
23D11H010-23D14H032:3,25,3,42
23D12H050-23D14H034:36,12,36,24,48,24
23D13H059-23D16H031:5,5,5,20
23D15H002-23D16H014:60,10,60,24
23D15H046-23D19H009:36,12,36,24,48,24
23D16H030-23D17H045:3,25,3,42
23D18H007-23D18H014:3,25,3,42
23D18H015-23D20H059:10,8,24,8
23D19H008-23D22H043:20,44,35,44
23D21H019-23D22H028:45,45,58,45
23D23H012-24D02H001:36,12,36,24,48,24
23D23H025-24D00H015:3,25,3,42
24D00H022-24D00H034:40,30,55,30,55,40
24D04H009-24D07H006:28,40,40,40
24D04H032-24D07H033:20,44,35,44
24D05H019-24D06H024:40,30,55,30,55,40
24D05H059-24D06H038:15,10,15,25,25,25
24D06H021-24D07H059:20,44,35,44
24D06H021-24D09H006:28,40,40,40
24D08H003-24D08H013:15,10,15,25,25,25
24D09H026-24D12H042:5,5,5,20
24D09H044-24D11H006:50,15,65,15
24D10H004-24D12H004:28,40,40,40
24D13H032-24D16H048:33,20,33,35
24D15H018-24D17H024:36,12,36,24,48,24
24D15H039-24D17H020:5,5,5,20
24D16H022-24D19H005:10,8,24,8
24D16H056-24D19H030:60,10,60,24
24D17H059-24D19H022:45,45,58,45
24D17H059-24D19H054:33,20,33,35
24D18H001-24D18H006:50,15,65,15
24D20H006-25D00H003:33,20,33,35
24D22H032-25D01H013:50,15,65,15
24D22H036-25D02H001:60,10,60,24
25D00H029-25D01H019:60,10,60,24
25D01H045-25D04H032:40,30,55,30,55,40
25D02H047-25D04H050:5,5,5,20
25D03H001-25D05H049:5,5,5,20
25D03H005-25D03H034:20,44,35,44
25D04H032-25D05H012:60,10,60,24
25D04H038-25D06H038:20,44,35,44
25D05H015-25D06H040:9,30,20,30
25D05H047-25D07H015:3,25,3,42
25D07H034-25D07H059:5,5,5,20
25D08H009-25D08H038:30,5,45,5
25D08H021-25D11H052:10,8,24,8
25D09H003-25D11H051:28,40,40,40
25D09H004-25D10H006:5,5,5,20
25D11H023-25D14H015:28,40,40,40
25D11H031-25D12H021:36,12,36,24,48,24
25D13H031-25D14H006:3,25,3,42
25D13H040-25D17H021:3,25,3,42
25D13H053-25D15H045:20,44,35,44
25D13H054-25D16H009:62,33,62,47
25D16H053-25D19H057:62,33,62,47
25D19H025-25D20H009:50,15,65,15
25D19H051-25D21H028:33,20,33,35
25D21H007-25D23H038:33,20,33,35
26D00H044-26D04H023:40,30,55,30,55,40
26D02H007-26D05H008:33,20,33,35
26D02H042-26D04H020:20,44,35,44
26D04H048-26D08H043:36,12,36,24,48,24
26D09H000-26D10H003:60,10,60,24
26D09H010-26D12H044:60,10,60,24
26D09H050-26D11H046:45,45,58,45
26D13H050-26D15H051:50,15,65,15
26D14H019-26D17H054:50,15,65,15
26D15H033-26D18H046:60,10,60,24
26D17H003-26D19H018:30,5,45,5
26D17H017-26D20H035:9,30,20,30
26D18H023-26D18H030:33,20,33,35
26D18H050-26D19H009:9,30,20,30
26D23H044-27D01H045:36,12,36,24,48,24
27D00H013-27D03H026:62,33,62,47
27D00H048-27D02H004:60,10,60,24
27D01H015-27D04H019:3,25,3,42
27D01H031-27D05H022:3,25,3,42
27D02H032-27D05H044:30,5,45,5
27D02H059-27D06H018:3,25,3,42
27D03H006-27D04H059:3,25,3,42
27D03H009-27D04H009:33,20,33,35
27D05H003-27D05H029:50,15,65,15
27D07H037-27D11H019:60,10,60,24
27D09H022-27D12H025:60,10,60,24
27D09H043-27D13H022:62,33,62,47
27D10H016-27D13H013:45,45,58,45
27D13H002-27D15H019:36,12,36,24,48,24
27D14H046-27D16H004:30,5,45,5
27D15H045-27D17H055:33,20,33,35
27D16H027-27D18H050:60,10,60,24
27D16H038-27D17H057:62,33,62,47
27D18H049-27D21H036:36,12,36,24,48,24
27D19H027-27D21H003:9,30,20,30
27D19H027-27D21H026:10,8,24,8
27D20H018-28D00H000:9,30,20,30
27D21H016-27D22H015:33,20,33,35
27D21H036-27D22H049:62,33,62,47
27D23H010-28D01H016:60,10,60,24
27D23H045-28D00H030:60,10,60,24
28D00H058-28D02H052:50,15,65,15
28D01H001-28D03H008:45,45,58,45
28D01H023-28D03H045:28,40,40,40
28D04H023-28D05H012:33,20,33,35
28D04H044-28D08H015:20,44,35,44
28D05H034-28D09H007:10,8,24,8
28D06H046-28D08H048:9,30,20,30
28D10H033-28D14H016:30,5,45,5
28D10H056-28D13H004:10,8,24,8
28D12H053-28D14H011:33,20,33,35
28D13H046-28D17H011:50,15,65,15
28D17H018-28D20H035:10,8,24,8
28D18H037-28D21H048:3,25,3,42
28D18H038-28D19H051:30,5,45,5
28D18H042-28D21H038:30,5,45,5
28D19H035-28D23H013:3,25,3,42
28D20H036-29D00H026:20,44,35,44
28D21H006-28D21H054:30,5,45,5
28D21H017-29D00H059:20,44,35,44
28D21H023-28D22H005:5,5,5,20
28D21H030-29D00H040:45,45,58,45
28D22H051-29D00H059:15,10,15,25,25,25
29D00H007-29D01H058:5,5,5,20
29D00H048-29D03H008:3,25,3,42
29D02H004-29D04H033:5,5,5,20
29D02H034-29D06H032:3,25,3,42
29D02H035-29D05H007:50,15,65,15
29D03H032-29D05H023:50,15,65,15
29D04H024-29D07H029:15,10,15,25,25,25
29D06H046-29D06H051:28,40,40,40
29D10H045-29D11H033:3,25,3,42
29D11H012-29D14H034:28,40,40,40
29D13H005-29D14H043:33,20,33,35
29D13H047-29D17H043:45,45,58,45
29D14H005-29D17H003:10,8,24,8
29D17H018-29D20H004:50,15,65,15
29D17H058-29D21H053:30,5,45,5
29D19H005-29D22H051:36,12,36,24,48,24
29D19H010-29D19H012:3,25,3,42
29D19H020-29D22H049:9,30,20,30
29D19H039-29D23H033:9,30,20,30
29D19H042-29D21H047:50,15,65,15
29D20H038-29D22H049:60,10,60,24
29D21H038-29D23H059:45,45,58,45
29D23H006-29D23H059:30,5,45,5
29D23H053-29D23H059:9,30,20,30
