01D01H052-01D05H013:60,10,60,24
01D05H056-01D08H006:60,10,60,24
01D07H057-01D10H044:9,30,20,30
01D13H022-01D14H052:33,20,33,35
01D15H044-01D15H058:28,40,40,40
01D17H004-01D20H000:28,40,40,40
01D17H037-01D18H009:9,30,20,30
01D17H053-01D19H041:50,15,65,15
01D17H059-01D18H012:20,44,35,44
01D18H026-01D18H055:45,45,58,45
01D18H034-01D21H047:28,40,40,40
01D22H005-02D00H003:60,10,60,24
01D23H011-02D01H042:9,30,20,30
01D23H037-02D02H039:30,5,45,5
01D23H043-02D03H030:40,30,55,30,55,40
02D01H037-02D01H049:40,30,55,30,55,40
02D04H023-02D04H027:5,5,5,20
02D08H044-02D08H046:9,30,20,30
02D10H013-02D11H027:3,25,3,42
02D10H047-02D12H056:20,44,35,44
02D11H030-02D12H043:45,45,58,45
02D11H052-02D12H031:9,30,20,30
02D12H027-02D16H014:62,33,62,47
02D12H034-02D12H037:45,45,58,45
02D14H027-02D17H046:30,5,45,5
02D15H055-02D18H031:60,10,60,24
02D16H048-02D18H049:36,12,36,24,48,24
02D17H056-02D19H020:60,10,60,24
02D19H018-02D19H036:50,15,65,15
02D20H042-02D21H002:3,25,3,42
02D22H003-02D22H008:45,45,58,45
03D01H025-03D05H011:20,44,35,44
03D01H042-03D04H055:15,10,15,25,25,25
03D03H027-03D04H017:60,10,60,24
03D03H039-03D07H033:30,5,45,5
03D03H043-03D06H058:36,12,36,24,48,24
03D05H000-03D08H040:10,8,24,8
03D07H002-03D10H004:28,40,40,40
03D07H043-03D10H059:33,20,33,35
03D09H040-03D13H005:5,5,5,20
03D13H025-03D14H057:28,40,40,40
03D13H051-03D16H053:5,5,5,20
03D16H021-03D20H011:60,10,60,24
03D16H042-03D18H018:30,5,45,5
03D17H024-03D20H018:3,25,3,42
03D17H052-03D20H020:40,30,55,30,55,40
03D21H000-03D21H049:10,8,24,8
03D22H027-04D02H005:33,20,33,35
03D22H043-04D01H038:10,8,24,8
03D23H010-04D01H059:45,45,58,45
03D23H021-03D23H058:20,44,35,44
04D01H046-04D04H041:3,25,3,42
04D01H050-04D05H001:40,30,55,30,55,40
04D03H034-04D03H041:5,5,5,20
04D04H008-04D07H005:10,8,24,8
04D04H023-04D08H009:36,12,36,24,48,24
04D05H002-04D06H050:36,12,36,24,48,24
04D11H014-04D11H018:33,20,33,35
04D11H029-04D13H059:15,10,15,25,25,25
04D12H024-04D13H009:36,12,36,24,48,24
04D13H005-04D13H039:9,30,20,30
04D16H029-04D19H001:5,5,5,20
04D18H005-04D21H030:40,30,55,30,55,40
04D18H020-04D19H041:60,10,60,24
04D19H051-04D22H028:20,44,35,44
04D20H033-05D00H030:40,30,55,30,55,40
04D21H002-04D21H038:9,30,20,30
04D21H024-04D23H036:28,40,40,40
04D21H024-05D00H038:5,5,5,20
04D22H022-05D01H010:40,30,55,30,55,40
04D23H054-05D01H034:5,5,5,20
05D00H058-05D04H033:10,8,24,8
05D01H003-05D04H018:20,44,35,44
05D01H020-05D03H058:15,10,15,25,25,25
05D03H029-05D06H054:28,40,40,40
05D03H044-05D07H037:45,45,58,45
05D04H038-05D07H056:30,5,45,5
05D05H020-05D08H011:15,10,15,25,25,25
05D07H005-05D11H005:30,5,45,5
05D07H010-05D07H026:28,40,40,40
05D11H038-05D12H028:5,5,5,20
05D12H033-05D13H021:28,40,40,40
05D13H005-05D14H002:33,20,33,35
05D13H036-05D15H026:45,45,58,45
05D15H028-05D18H039:33,20,33,35
05D16H012-05D17H023:30,5,45,5
05D16H019-05D18H003:40,30,55,30,55,40
05D16H028-05D17H039:15,10,15,25,25,25
05D16H030-05D18H016:9,30,20,30
05D18H032-05D20H013:9,30,20,30
05D19H035-05D22H029:30,5,45,5
05D20H004-05D21H014:5,5,5,20
05D20H050-05D22H009:9,30,20,30
05D22H049-05D22H052:9,30,20,30
05D23H005-06D01H029:20,44,35,44
06D01H014-06D04H041:36,12,36,24,48,24
06D01H033-06D03H053:20,44,35,44
06D02H001-06D04H023:15,10,15,25,25,25
06D02H016-06D05H025:45,45,58,45
06D02H059-06D04H010:33,20,33,35
06D04H024-06D07H027:9,30,20,30
06D05H002-06D05H022:15,10,15,25,25,25
06D05H010-06D08H044:60,10,60,24
06D06H020-06D08H052:3,25,3,42
06D07H024-06D08H004:20,44,35,44
06D08H008-06D08H048:28,40,40,40
06D10H023-06D12H034:15,10,15,25,25,25
06D11H001-06D13H019:30,5,45,5
06D11H027-06D12H002:28,40,40,40
06D11H033-06D13H047:30,5,45,5
06D11H046-06D13H011:10,8,24,8
06D11H049-06D11H056:62,33,62,47
06D12H046-06D16H008:60,10,60,24
06D13H009-06D16H047:50,15,65,15
06D14H024-06D15H037:50,15,65,15
06D14H033-06D15H019:15,10,15,25,25,25
06D15H010-06D15H019:40,30,55,30,55,40
06D15H021-06D18H023:33,20,33,35
06D15H056-06D17H044:15,10,15,25,25,25
06D16H006-06D17H006:30,5,45,5
06D16H041-06D19H032:36,12,36,24,48,24
06D17H037-06D18H045:50,15,65,15
06D19H024-06D20H051:40,30,55,30,55,40
06D20H008-06D23H023:15,10,15,25,25,25
06D21H037-07D00H055:60,10,60,24
06D21H048-06D23H022:3,25,3,42
06D22H052-07D01H005:60,10,60,24
07D01H033-07D03H020:45,45,58,45
07D02H056-07D06H052:33,20,33,35
07D03H034-07D04H043:10,8,24,8
07D04H007-07D06H015:9,30,20,30
07D04H049-07D07H034:15,10,15,25,25,25
07D05H051-07D06H042:40,30,55,30,55,40
07D07H041-07D08H012:36,12,36,24,48,24
07D08H011-07D11H048:62,33,62,47
07D08H037-07D12H009:3,25,3,42
07D08H038-07D10H054:3,25,3,42
07D09H051-07D11H015:45,45,58,45
07D10H033-07D14H030:30,5,45,5
07D10H034-07D13H003:3,25,3,42
07D10H058-07D14H029:15,10,15,25,25,25
07D11H012-07D14H057:62,33,62,47
07D11H019-07D13H007:45,45,58,45
07D12H027-07D14H021:45,45,58,45
07D12H057-07D15H015:45,45,58,45
07D14H007-07D17H039:28,40,40,40
07D14H014-07D17H051:45,45,58,45
07D15H018-07D17H043:10,8,24,8
07D17H003-07D20H003:10,8,24,8
07D17H009-07D18H027:5,5,5,20
07D18H039-07D22H001:60,10,60,24
07D20H027-07D23H041:36,12,36,24,48,24
07D21H037-07D22H041:3,25,3,42
07D21H059-07D22H048:9,30,20,30
07D22H006-07D22H020:62,33,62,47
07D23H059-08D02H036:36,12,36,24,48,24
08D04H026-08D07H014:50,15,65,15
08D05H017-08D08H048:10,8,24,8
08D05H036-08D06H033:20,44,35,44
08D05H052-08D09H001:60,10,60,24
08D07H000-08D07H033:5,5,5,20
08D07H032-08D10H011:3,25,3,42
08D10H020-08D13H029:30,5,45,5
08D10H057-08D11H027:62,33,62,47
08D13H051-08D16H055:33,20,33,35
08D14H008-08D17H028:45,45,58,45
08D16H023-08D18H020:28,40,40,40
08D17H042-08D18H050:15,10,15,25,25,25
08D18H004-08D18H009:36,12,36,24,48,24
08D18H030-08D19H030:60,10,60,24
08D18H057-08D20H034:10,8,24,8
08D19H000-08D21H057:33,20,33,35
08D21H058-08D23H032:15,10,15,25,25,25
08D23H037-09D02H026:28,40,40,40
09D00H039-09D00H049:62,33,62,47
09D01H011-09D01H031:40,30,55,30,55,40
09D01H049-09D04H048:15,10,15,25,25,25
09D02H002-09D02H050:62,33,62,47
09D05H052-09D06H038:45,45,58,45
09D08H018-09D08H029:20,44,35,44
09D09H001-09D09H036:28,40,40,40
09D09H022-09D10H053:62,33,62,47
09D10H000-09D11H051:50,15,65,15
09D10H023-09D13H019:30,5,45,5
09D10H045-09D13H046:10,8,24,8
09D11H032-09D13H023:45,45,58,45
09D11H049-09D12H012:10,8,24,8
09D11H050-09D14H027:62,33,62,47
09D12H024-09D16H008:45,45,58,45
09D15H030-09D16H026:33,20,33,35
09D15H035-09D17H041:10,8,24,8
09D16H001-09D17H029:36,12,36,24,48,24
09D19H012-09D20H023:60,10,60,24
09D19H025-09D22H003:9,30,20,30
09D19H045-09D23H044:30,5,45,5
09D22H051-10D00H010:62,33,62,47
10D00H035-10D04H032:9,30,20,30
10D03H002-10D03H049:40,30,55,30,55,40
10D04H000-10D06H019:30,5,45,5
10D04H032-10D04H051:33,20,33,35
10D04H046-10D05H045:50,15,65,15
10D06H050-10D10H037:50,15,65,15
10D07H029-10D09H007:60,10,60,24
10D08H016-10D11H051:28,40,40,40
10D08H022-10D11H017:62,33,62,47
10D08H049-10D10H036:5,5,5,20
10D09H016-10D10H057:62,33,62,47
10D09H043-10D12H039:3,25,3,42
10D13H046-10D16H059:45,45,58,45
10D18H039-10D22H036:20,44,35,44
10D18H051-10D22H026:5,5,5,20
10D19H020-10D23H018:9,30,20,30
10D19H036-10D21H016:9,30,20,30
10D20H049-10D20H051:60,10,60,24
10D23H003-11D00H003:30,5,45,5
11D00H038-11D04H034:40,30,55,30,55,40
11D01H009-11D01H026:15,10,15,25,25,25
11D02H046-11D02H052:36,12,36,24,48,24
11D03H013-11D04H012:5,5,5,20
11D03H037-11D04H012:36,12,36,24,48,24
11D03H058-11D06H045:5,5,5,20
11D07H039-11D09H018:15,10,15,25,25,25
11D07H048-11D09H043:33,20,33,35
11D08H004-11D11H004:36,12,36,24,48,24
11D08H019-11D08H034:5,5,5,20
11D10H048-11D11H032:33,20,33,35
11D12H029-11D13H035:60,10,60,24
11D12H045-11D14H005:10,8,24,8
11D13H044-11D14H025:33,20,33,35
11D16H029-11D18H031:28,40,40,40
11D19H050-11D23H028:33,20,33,35
11D20H015-11D21H037:40,30,55,30,55,40
11D20H039-11D23H028:30,5,45,5
11D21H047-12D00H001:3,25,3,42
11D22H013-11D23H038:9,30,20,30
12D02H048-12D03H032:10,8,24,8
12D03H040-12D05H032:5,5,5,20
12D06H051-12D08H003:20,44,35,44
12D07H000-12D07H037:3,25,3,42
12D09H004-12D11H051:50,15,65,15
12D11H058-12D13H018:9,30,20,30
12D14H026-12D18H014:45,45,58,45
12D14H052-12D16H028:62,33,62,47
12D15H007-12D17H025:50,15,65,15
12D15H031-12D17H034:10,8,24,8
12D17H043-12D20H012:3,25,3,42
12D19H017-12D22H023:50,15,65,15
12D21H004-13D01H001:50,15,65,15
13D02H021-13D05H022:60,10,60,24
13D03H004-13D05H009:60,10,60,24
13D04H029-13D06H050:33,20,33,35
13D06H025-13D10H022:50,15,65,15
13D09H051-13D10H036:9,30,20,30
13D11H003-13D11H005:15,10,15,25,25,25
13D12H043-13D14H008:10,8,24,8
13D13H012-13D17H009:5,5,5,20
13D13H018-13D14H049:62,33,62,47
13D13H026-13D17H020:9,30,20,30
13D14H005-13D17H048:5,5,5,20
13D15H040-13D18H022:60,10,60,24
13D16H005-13D16H007:62,33,62,47
13D17H018-13D18H018:28,40,40,40
13D17H049-13D18H018:3,25,3,42
13D21H042-13D22H016:9,30,20,30
13D21H054-14D00H055:28,40,40,40
13D22H034-13D23H024:28,40,40,40
14D00H054-14D04H043:62,33,62,47
14D02H037-14D06H034:45,45,58,45
14D04H014-14D06H040:28,40,40,40
14D04H027-14D05H026:45,45,58,45
14D04H050-14D07H024:9,30,20,30
14D04H056-14D08H038:5,5,5,20
14D05H041-14D07H043:28,40,40,40
14D06H030-14D09H046:10,8,24,8
14D07H025-14D10H005:33,20,33,35
14D07H030-14D07H055:9,30,20,30
14D07H048-14D10H039:36,12,36,24,48,24
14D08H058-14D09H020:15,10,15,25,25,25
14D13H015-14D16H054:62,33,62,47
14D14H004-14D15H000:62,33,62,47
14D15H056-14D16H009:3,25,3,42
14D18H001-14D19H015:5,5,5,20
14D22H006-14D22H052:40,30,55,30,55,40
14D22H052-15D02H015:60,10,60,24
15D02H011-15D03H018:30,5,45,5
15D07H021-15D09H031:62,33,62,47
15D07H035-15D08H020:3,25,3,42
15D08H003-15D09H030:40,30,55,30,55,40
15D10H047-15D12H053:45,45,58,45
15D11H041-15D12H000:33,20,33,35
15D11H042-15D14H009:50,15,65,15
15D14H021-15D18H020:40,30,55,30,55,40
15D14H031-15D17H026:62,33,62,47
15D16H001-15D19H015:15,10,15,25,25,25
15D16H036-15D20H013:62,33,62,47
15D16H056-15D19H043:5,5,5,20
15D17H005-15D18H027:20,44,35,44
15D19H010-15D22H006:45,45,58,45
15D20H055-15D22H036:5,5,5,20
15D22H041-16D00H023:60,10,60,24
16D00H046-16D04H030:28,40,40,40
16D03H056-16D06H036:9,30,20,30
16D04H040-16D05H054:9,30,20,30
16D04H048-16D06H024:15,10,15,25,25,25
16D05H020-16D07H005:60,10,60,24
16D06H034-16D09H050:62,33,62,47
16D08H036-16D10H046:62,33,62,47
16D08H047-16D11H008:15,10,15,25,25,25
16D08H048-16D12H006:10,8,24,8
16D09H030-16D12H046:40,30,55,30,55,40
16D10H035-16D13H036:3,25,3,42
16D11H010-16D11H043:15,10,15,25,25,25
16D11H035-16D13H055:10,8,24,8
16D12H045-16D12H057:3,25,3,42
16D14H049-16D14H054:28,40,40,40
16D16H021-16D19H027:62,33,62,47
16D16H033-16D18H058:3,25,3,42
16D16H056-16D19H005:36,12,36,24,48,24
16D16H056-16D19H036:15,10,15,25,25,25
16D16H059-16D18H028:10,8,24,8
16D19H017-16D19H055:15,10,15,25,25,25
16D20H028-16D23H029:40,30,55,30,55,40
16D20H048-16D22H057:20,44,35,44
17D02H036-17D02H049:30,5,45,5
17D02H036-17D03H055:9,30,20,30
17D04H004-17D06H053:62,33,62,47
17D04H037-17D07H025:30,5,45,5
17D05H041-17D09H010:5,5,5,20
17D07H003-17D08H018:30,5,45,5
17D07H011-17D08H042:62,33,62,47
17D07H014-17D08H056:5,5,5,20
17D07H053-17D10H005:36,12,36,24,48,24
17D10H029-17D13H046:20,44,35,44
17D13H005-17D13H042:45,45,58,45
17D13H053-17D16H037:15,10,15,25,25,25
17D15H023-17D16H035:30,5,45,5
17D18H035-17D22H026:40,30,55,30,55,40
17D19H018-17D23H016:10,8,24,8
17D21H027-17D22H010:30,5,45,5
17D21H047-18D00H012:30,5,45,5
17D22H053-18D01H019:50,15,65,15
18D00H017-18D03H038:3,25,3,42
18D00H053-18D03H035:9,30,20,30
18D01H000-18D03H029:9,30,20,30
18D02H052-18D05H040:20,44,35,44
18D05H051-18D09H037:28,40,40,40
18D06H057-18D08H014:40,30,55,30,55,40
18D07H005-18D07H050:15,10,15,25,25,25
18D08H016-18D12H012:15,10,15,25,25,25
18D08H059-18D10H019:36,12,36,24,48,24
18D10H025-18D13H017:15,10,15,25,25,25
18D10H032-18D10H042:28,40,40,40
18D12H038-18D14H041:20,44,35,44
18D13H023-18D13H043:10,8,24,8
18D16H001-18D19H040:20,44,35,44
18D16H046-18D17H055:5,5,5,20
18D17H041-18D21H027:45,45,58,45
18D18H057-18D20H014:50,15,65,15
18D20H008-18D23H007:33,20,33,35
18D20H052-18D23H052:15,10,15,25,25,25
18D21H032-18D21H037:40,30,55,30,55,40
18D22H001-19D01H015:3,25,3,42
18D23H036-19D02H025:15,10,15,25,25,25
19D01H056-19D05H010:50,15,65,15
19D02H032-19D03H020:20,44,35,44
19D02H051-19D06H049:20,44,35,44
19D03H033-19D05H038:36,12,36,24,48,24
19D04H003-19D07H036:28,40,40,40
19D04H059-19D05H048:10,8,24,8
19D06H016-19D09H049:28,40,40,40
19D09H021-19D10H033:30,5,45,5
19D09H027-19D10H011:10,8,24,8
19D10H002-19D14H001:20,44,35,44
19D11H017-19D13H004:62,33,62,47
19D12H002-19D13H013:30,5,45,5
19D12H031-19D14H007:45,45,58,45
19D13H031-19D16H009:30,5,45,5
19D14H036-19D16H014:40,30,55,30,55,40
19D15H026-19D16H045:15,10,15,25,25,25
19D15H032-19D16H015:50,15,65,15
19D16H031-19D17H049:5,5,5,20
19D17H002-19D19H041:50,15,65,15
19D17H032-19D21H000:20,44,35,44
19D17H043-19D21H020:60,10,60,24
19D18H044-19D20H041:36,12,36,24,48,24
19D20H004-19D20H021:40,30,55,30,55,40
19D20H050-19D20H054:15,10,15,25,25,25
20D01H016-20D01H026:30,5,45,5
20D01H045-20D04H013:15,10,15,25,25,25
20D02H044-20D04H003:45,45,58,45
20D03H015-20D06H034:50,15,65,15
20D05H056-20D07H017:3,25,3,42
20D07H038-20D10H029:45,45,58,45
20D09H008-20D10H041:30,5,45,5
20D10H022-20D13H052:33,20,33,35
20D10H043-20D12H007:36,12,36,24,48,24
20D11H041-20D14H050:10,8,24,8
20D13H048-20D15H012:30,5,45,5
20D14H048-20D15H043:5,5,5,20
20D14H049-20D18H001:9,30,20,30
20D16H011-20D18H029:45,45,58,45
20D17H007-20D17H014:30,5,45,5
20D17H029-20D21H005:62,33,62,47
20D17H052-20D18H037:10,8,24,8
20D19H047-20D20H052:62,33,62,47
20D19H047-20D21H012:45,45,58,45
20D20H033-20D21H034:10,8,24,8
20D20H037-20D21H018:50,15,65,15
20D21H004-21D00H003:5,5,5,20
20D21H022-20D23H012:50,15,65,15
20D23H026-21D00H040:3,25,3,42
21D00H007-21D02H053:40,30,55,30,55,40
21D01H003-21D03H035:62,33,62,47
21D03H000-21D03H038:60,10,60,24
21D05H003-21D07H057:45,45,58,45
21D06H049-21D09H034:60,10,60,24
21D07H006-21D07H031:40,30,55,30,55,40
21D07H030-21D10H005:60,10,60,24
21D07H035-21D08H055:40,30,55,30,55,40
21D08H012-21D08H022:10,8,24,8
21D09H000-21D09H042:50,15,65,15
21D09H043-21D09H051:15,10,15,25,25,25
21D10H015-21D10H034:3,25,3,42
21D16H031-21D18H040:9,30,20,30
21D18H052-21D19H020:36,12,36,24,48,24
21D21H017-21D22H027:9,30,20,30
21D21H048-21D22H044:20,44,35,44
21D22H049-21D23H005:30,5,45,5
21D22H050-22D00H002:33,20,33,35
22D01H028-22D03H025:15,10,15,25,25,25
22D01H052-22D02H056:9,30,20,30
22D03H051-22D07H027:50,15,65,15
22D04H007-22D04H024:50,15,65,15
22D04H039-22D05H036:9,30,20,30
22D07H051-22D09H007:28,40,40,40
22D12H000-22D15H026:45,45,58,45
22D13H030-22D15H008:10,8,24,8
22D14H047-22D18H003:15,10,15,25,25,25
22D15H037-22D17H003:10,8,24,8
22D16H000-22D16H015:20,44,35,44
22D17H000-22D19H015:28,40,40,40
22D17H007-22D18H052:50,15,65,15
22D19H009-22D22H011:40,30,55,30,55,40
23D03H053-23D06H003:33,20,33,35
23D04H021-23D06H020:45,45,58,45
23D06H026-23D07H049:50,15,65,15
23D06H036-23D07H018:40,30,55,30,55,40
23D07H028-23D10H000:60,10,60,24
23D07H044-23D09H046:50,15,65,15
23D07H047-23D08H003:40,30,55,30,55,40
23D08H040-23D09H015:33,20,33,35
23D13H033-23D16H022:50,15,65,15
23D13H039-23D15H044:60,10,60,24
23D13H056-23D15H004:60,10,60,24
23D14H030-23D15H033:40,30,55,30,55,40
23D14H058-23D16H009:33,20,33,35
23D15H000-23D18H024:62,33,62,47
23D17H050-23D17H055:40,30,55,30,55,40
23D17H057-23D20H016:62,33,62,47
23D19H018-23D19H024:15,10,15,25,25,25
23D21H002-24D00H006:3,25,3,42
23D21H028-23D21H053:50,15,65,15
23D21H043-24D00H049:60,10,60,24
23D22H002-23D23H037:45,45,58,45
23D22H034-23D23H059:15,10,15,25,25,25
23D22H053-23D23H037:60,10,60,24
23D23H028-24D01H017:15,10,15,25,25,25
24D00H050-24D02H027:40,30,55,30,55,40
24D02H002-24D03H009:60,10,60,24
24D03H053-24D05H059:5,5,5,20
24D05H035-24D07H053:36,12,36,24,48,24
24D06H033-24D08H051:20,44,35,44
24D07H006-24D11H004:60,10,60,24
24D10H048-24D14H033:3,25,3,42
24D14H014-24D18H005:30,5,45,5
24D14H024-24D15H059:9,30,20,30
24D14H032-24D15H003:30,5,45,5
24D15H028-24D15H030:36,12,36,24,48,24
24D16H002-24D16H051:15,10,15,25,25,25
24D17H020-24D18H030:3,25,3,42
24D17H021-24D20H011:15,10,15,25,25,25
24D18H021-24D19H042:3,25,3,42
24D18H028-24D22H008:60,10,60,24
24D21H000-24D23H049:28,40,40,40
24D23H042-25D01H012:50,15,65,15
25D00H001-25D01H049:45,45,58,45
25D00H048-25D03H017:50,15,65,15
25D01H006-25D03H037:45,45,58,45
25D02H036-25D03H016:60,10,60,24
25D04H002-25D07H048:9,30,20,30
25D04H023-25D07H047:30,5,45,5
25D04H059-25D06H004:9,30,20,30
25D06H021-25D09H055:45,45,58,45
25D07H053-25D07H059:15,10,15,25,25,25
25D07H057-25D11H052:28,40,40,40
25D13H045-25D15H012:28,40,40,40
25D14H021-25D16H017:3,25,3,42
25D17H008-25D19H057:10,8,24,8
25D18H030-25D21H008:10,8,24,8
25D18H033-25D21H008:62,33,62,47
25D19H032-25D21H055:45,45,58,45
25D19H050-25D21H028:36,12,36,24,48,24
25D20H024-25D21H044:10,8,24,8
25D21H008-25D22H001:36,12,36,24,48,24
25D21H025-25D21H054:33,20,33,35
25D23H052-25D23H058:3,25,3,42
26D03H006-26D05H006:3,25,3,42
26D03H006-26D06H047:28,40,40,40
26D03H025-26D04H033:15,10,15,25,25,25
26D03H030-26D04H053:15,10,15,25,25,25
26D04H022-26D04H023:28,40,40,40
26D07H003-26D07H016:45,45,58,45
26D07H028-26D09H001:62,33,62,47
26D08H030-26D10H015:5,5,5,20
26D09H056-26D13H016:9,30,20,30
26D11H023-26D13H057:20,44,35,44
26D11H033-26D14H022:60,10,60,24
26D12H025-26D15H042:3,25,3,42
26D12H040-26D13H038:30,5,45,5
26D13H037-26D16H036:5,5,5,20
26D15H018-26D18H027:10,8,24,8
26D15H051-26D16H049:28,40,40,40
26D17H018-26D18H029:15,10,15,25,25,25
26D20H026-26D22H047:62,33,62,47
26D21H054-26D23H010:30,5,45,5
26D22H026-27D00H012:9,30,20,30
27D02H043-27D03H018:50,15,65,15
27D04H044-27D06H049:50,15,65,15
27D04H057-27D06H020:50,15,65,15
27D06H011-27D08H027:3,25,3,42
27D08H044-27D10H023:3,25,3,42
27D09H006-27D09H031:62,33,62,47
27D12H005-27D14H004:40,30,55,30,55,40
27D13H018-27D13H028:50,15,65,15
27D15H035-27D18H021:40,30,55,30,55,40
27D15H054-27D19H007:30,5,45,5
27D17H019-27D18H050:45,45,58,45
27D17H031-27D18H000:9,30,20,30
27D18H036-27D21H000:3,25,3,42
27D19H004-27D21H027:33,20,33,35
27D19H004-27D21H042:45,45,58,45
27D22H044-27D23H009:36,12,36,24,48,24
27D22H057-28D00H053:40,30,55,30,55,40
28D00H035-28D00H056:30,5,45,5
28D05H028-28D06H058:9,30,20,30
28D11H053-28D13H015:15,10,15,25,25,25
28D12H035-28D15H014:40,30,55,30,55,40
28D12H048-28D16H002:30,5,45,5
28D14H043-28D15H040:15,10,15,25,25,25
28D15H011-28D18H026:33,20,33,35
28D17H040-28D19H044:9,30,20,30
28D18H040-28D21H008:10,8,24,8
28D19H058-28D20H058:62,33,62,47
28D20H025-29D00H008:40,30,55,30,55,40
28D21H038-28D22H049:36,12,36,24,48,24
28D22H002-28D22H014:36,12,36,24,48,24
29D00H017-29D01H006:33,20,33,35
29D00H041-29D01H021:3,25,3,42
29D01H011-29D04H043:3,25,3,42
29D01H053-29D03H033:28,40,40,40
29D01H055-29D02H048:15,10,15,25,25,25
29D03H005-29D03H013:40,30,55,30,55,40
29D03H014-29D05H008:45,45,58,45
29D03H030-29D06H000:3,25,3,42
29D05H010-29D08H033:60,10,60,24
29D08H022-29D09H004:36,12,36,24,48,24
29D09H004-29D12H018:28,40,40,40
29D09H058-29D12H003:20,44,35,44
29D10H042-29D11H002:60,10,60,24
29D11H009-29D12H049:20,44,35,44
29D12H029-29D13H053:36,12,36,24,48,24
29D14H018-29D14H036:3,25,3,42
29D15H032-29D17H041:33,20,33,35
29D15H034-29D19H021:28,40,40,40
29D18H031-29D20H020:40,30,55,30,55,40
29D19H055-29D19H057:45,45,58,45
29D21H020-29D22H030:15,10,15,25,25,25
29D21H029-29D22H007:45,45,58,45
29D21H037-29D23H051:20,44,35,44
29D23H016-29D23H056:3,25,3,42
30D00H020-30D03H034:33,20,33,35
30D01H008-30D01H019:36,12,36,24,48,24
30D06H006-30D07H050:60,10,60,24
30D06H040-30D09H016:45,45,58,45
30D10H020-30D13H016:3,25,3,42
30D14H036-30D15H015:62,33,62,47
30D16H031-30D19H015:28,40,40,40
30D16H050-30D19H036:30,5,45,5
30D18H047-30D21H043:3,25,3,42
30D20H008-30D23H002:9,30,20,30
30D20H022-30D21H033:45,45,58,45
30D21H032-30D21H041:33,20,33,35
30D21H042-30D22H013:50,15,65,15
30D22H024-30D23H059:3,25,3,42
