01D00H043-01D03H013:60,10,60,24
01D00H044-01D01H034:45,45,58,45
01D00H049-01D01H046:33,20,33,35
01D00H049-01D03H053:10,8,24,8
01D00H059-01D03H050:15,10,15,25,25,25
01D01H045-01D05H019:10,8,24,8
01D02H000-01D05H050:45,45,58,45
01D03H031-01D04H023:40,30,55,30,55,40
01D04H001-01D06H014:3,25,3,42
01D04H014-01D05H053:62,33,62,47
01D05H001-01D08H024:28,40,40,40
01D05H041-01D09H040:36,12,36,24,48,24
01D06H052-01D09H042:5,5,5,20
01D10H030-01D11H023:3,25,3,42
01D11H033-01D12H033:20,44,35,44
01D14H029-01D14H049:30,5,45,5
01D14H030-01D14H041:60,10,60,24
01D14H031-01D15H059:15,10,15,25,25,25
01D15H022-01D16H053:33,20,33,35
01D15H042-01D18H021:40,30,55,30,55,40
01D15H051-01D17H020:28,40,40,40
01D15H053-01D18H035:33,20,33,35
01D16H009-01D16H019:28,40,40,40
01D16H041-01D20H038:50,15,65,15
01D17H006-01D17H042:45,45,58,45
01D17H036-01D19H009:9,30,20,30
01D18H027-01D20H036:33,20,33,35
01D19H006-01D20H012:20,44,35,44
01D21H033-01D23H038:50,15,65,15
02D03H013-02D03H025:20,44,35,44
02D06H027-02D09H031:36,12,36,24,48,24
02D09H008-02D09H056:5,5,5,20
02D09H011-02D10H002:40,30,55,30,55,40
02D09H052-02D12H046:60,10,60,24
02D11H003-02D13H020:50,15,65,15
02D13H041-02D15H038:9,30,20,30
02D14H017-02D17H001:20,44,35,44
02D16H041-02D20H003:62,33,62,47
02D17H040-02D20H007:33,20,33,35
02D17H057-02D21H055:9,30,20,30
02D18H023-02D20H045:10,8,24,8
02D19H032-02D22H034:20,44,35,44
02D19H032-02D23H010:33,20,33,35
02D21H010-03D00H057:33,20,33,35
02D21H015-02D21H043:15,10,15,25,25,25
02D22H051-03D02H018:62,33,62,47
02D23H008-03D01H011:28,40,40,40
02D23H009-03D01H049:62,33,62,47
02D23H043-03D02H043:3,25,3,42
03D01H046-03D02H044:36,12,36,24,48,24
03D03H058-03D05H042:5,5,5,20
03D04H012-03D07H029:40,30,55,30,55,40
03D05H035-03D06H008:40,30,55,30,55,40
03D06H020-03D08H013:62,33,62,47
03D06H029-03D07H043:30,5,45,5
03D07H034-03D09H012:62,33,62,47
03D07H045-03D10H002:60,10,60,24
03D08H017-03D11H000:28,40,40,40
03D11H051-03D12H058:5,5,5,20
03D13H030-03D17H025:30,5,45,5
03D13H053-03D15H052:40,30,55,30,55,40
03D14H043-03D17H010:3,25,3,42
03D16H002-03D17H046:28,40,40,40
03D17H013-03D19H008:9,30,20,30
03D18H009-03D19H048:5,5,5,20
03D21H058-04D00H006:5,5,5,20
03D22H048-03D23H000:45,45,58,45
04D01H001-04D03H015:36,12,36,24,48,24
04D01H057-04D03H002:15,10,15,25,25,25
04D02H058-04D06H047:20,44,35,44
04D04H000-04D04H034:45,45,58,45
04D04H031-04D06H006:5,5,5,20
04D04H034-04D05H040:5,5,5,20
04D05H019-04D07H033:9,30,20,30
04D06H019-04D08H002:3,25,3,42
04D06H044-04D10H035:62,33,62,47
04D09H011-04D12H003:3,25,3,42
04D09H030-04D11H015:50,15,65,15
04D09H047-04D11H020:3,25,3,42
04D11H035-04D12H012:3,25,3,42
04D11H048-04D15H025:20,44,35,44
04D12H043-04D13H006:28,40,40,40
04D13H018-04D14H025:33,20,33,35
04D16H022-04D20H006:62,33,62,47
04D16H030-04D17H002:15,10,15,25,25,25
04D23H052-05D00H055:10,8,24,8
05D01H003-05D01H012:30,5,45,5
05D02H015-05D03H030:36,12,36,24,48,24
05D04H058-05D08H035:28,40,40,40
05D06H020-05D08H010:45,45,58,45
05D06H032-05D07H033:50,15,65,15
05D06H044-05D09H026:33,20,33,35
05D09H002-05D13H000:60,10,60,24
05D10H004-05D12H048:9,30,20,30
05D10H037-05D13H039:10,8,24,8
05D12H013-05D14H031:28,40,40,40
05D12H026-05D12H027:36,12,36,24,48,24
05D16H005-05D17H045:40,30,55,30,55,40
05D17H027-05D20H022:15,10,15,25,25,25
05D18H006-05D18H014:20,44,35,44
05D19H004-05D20H029:9,30,20,30
05D19H012-05D21H047:33,20,33,35
05D20H037-06D00H032:30,5,45,5
05D22H002-06D00H051:9,30,20,30
05D23H011-06D02H042:5,5,5,20
05D23H040-06D01H051:30,5,45,5
05D23H053-06D02H057:10,8,24,8
06D02H019-06D02H037:60,10,60,24
06D02H022-06D02H046:40,30,55,30,55,40
06D03H008-06D04H034:40,30,55,30,55,40
06D03H025-06D03H038:62,33,62,47
06D04H033-06D05H014:50,15,65,15
06D04H051-06D08H033:3,25,3,42
06D05H013-06D07H034:62,33,62,47
06D05H017-06D08H032:3,25,3,42
06D05H044-06D06H023:36,12,36,24,48,24
06D07H048-06D10H018:15,10,15,25,25,25
06D08H028-06D11H005:50,15,65,15
06D09H002-06D12H027:33,20,33,35
06D11H011-06D11H025:33,20,33,35
06D11H016-06D13H038:10,8,24,8
06D11H041-06D14H051:60,10,60,24
06D12H012-06D12H053:62,33,62,47
06D13H041-06D17H013:30,5,45,5
06D16H058-06D20H028:45,45,58,45
06D17H034-06D20H022:33,20,33,35
06D17H041-06D18H032:36,12,36,24,48,24
06D18H003-06D20H009:62,33,62,47
06D18H014-06D21H055:15,10,15,25,25,25
06D19H004-06D21H052:36,12,36,24,48,24
06D19H008-06D21H048:45,45,58,45
06D23H008-07D03H006:20,44,35,44
07D00H020-07D01H000:36,12,36,24,48,24
07D00H052-07D02H011:45,45,58,45
07D01H005-07D01H052:10,8,24,8
07D01H031-07D03H040:36,12,36,24,48,24
07D01H046-07D03H006:33,20,33,35
07D02H029-07D05H019:28,40,40,40
07D03H004-07D04H008:20,44,35,44
07D03H055-07D07H015:5,5,5,20
07D07H041-07D08H029:36,12,36,24,48,24
07D07H043-07D11H028:10,8,24,8
07D08H052-07D09H014:5,5,5,20
07D09H032-07D10H013:3,25,3,42
07D09H035-07D10H002:36,12,36,24,48,24
07D11H017-07D11H053:10,8,24,8
07D13H035-07D17H025:5,5,5,20
07D15H008-07D17H016:9,30,20,30
07D15H034-07D16H036:62,33,62,47
07D16H001-07D16H048:40,30,55,30,55,40
07D16H036-07D19H001:45,45,58,45
07D18H046-07D19H011:10,8,24,8
08D01H000-08D02H014:10,8,24,8
08D01H036-08D04H008:30,5,45,5
08D02H020-08D02H049:20,44,35,44
08D05H027-08D08H047:3,25,3,42
08D05H042-08D05H057:28,40,40,40
08D06H038-08D07H003:10,8,24,8
08D07H055-08D08H059:36,12,36,24,48,24
08D11H031-08D12H006:36,12,36,24,48,24
08D12H006-08D15H039:40,30,55,30,55,40
08D13H000-08D14H004:45,45,58,45
08D14H006-08D16H020:20,44,35,44
08D14H042-08D18H021:30,5,45,5
08D18H005-08D18H009:40,30,55,30,55,40
08D19H038-08D22H050:62,33,62,47
08D21H028-08D21H051:20,44,35,44
08D22H008-08D22H039:15,10,15,25,25,25
08D23H058-09D01H054:5,5,5,20
09D00H016-09D00H056:10,8,24,8
09D01H016-09D05H014:10,8,24,8
09D02H023-09D02H026:20,44,35,44
09D02H034-09D03H052:36,12,36,24,48,24
09D05H018-09D09H010:45,45,58,45
09D07H059-09D11H050:9,30,20,30
09D10H021-09D13H022:30,5,45,5
09D14H020-09D17H052:60,10,60,24
09D16H054-09D18H019:40,30,55,30,55,40
09D17H032-09D20H017:3,25,3,42
09D18H051-09D21H016:3,25,3,42
09D20H006-09D23H048:5,5,5,20
09D20H009-09D21H004:30,5,45,5
09D20H057-09D23H043:30,5,45,5
09D21H026-09D22H053:40,30,55,30,55,40
09D22H025-09D23H024:30,5,45,5
09D22H044-10D02H027:33,20,33,35
09D23H011-10D02H007:5,5,5,20
09D23H037-10D02H058:3,25,3,42
09D23H044-10D03H035:60,10,60,24
10D00H043-10D02H033:33,20,33,35
10D01H004-10D01H029:20,44,35,44
10D01H010-10D04H049:62,33,62,47
10D02H046-10D06H020:60,10,60,24
10D03H036-10D04H023:40,30,55,30,55,40
10D05H000-10D06H002:45,45,58,45
10D05H016-10D05H025:10,8,24,8
10D06H004-10D09H052:62,33,62,47
10D06H041-10D08H023:45,45,58,45
10D08H002-10D09H046:60,10,60,24
10D08H005-10D10H001:36,12,36,24,48,24
10D08H039-10D11H045:33,20,33,35
10D10H020-10D11H047:50,15,65,15
10D11H029-10D11H035:33,20,33,35
10D14H027-10D14H058:62,33,62,47
10D15H014-10D15H027:15,10,15,25,25,25
10D16H022-10D16H043:60,10,60,24
10D16H048-10D17H027:33,20,33,35
10D18H011-10D21H053:62,33,62,47
10D21H049-11D01H016:33,20,33,35
10D22H036-10D23H048:36,12,36,24,48,24
11D03H055-11D07H008:30,5,45,5
11D05H042-11D07H054:40,30,55,30,55,40
11D08H017-11D09H036:45,45,58,45
11D08H028-11D11H029:20,44,35,44
11D10H007-11D10H047:60,10,60,24
11D11H047-11D14H055:30,5,45,5
11D12H017-11D15H052:33,20,33,35
11D15H027-11D17H007:9,30,20,30
11D17H028-11D18H054:33,20,33,35
11D17H045-11D21H025:36,12,36,24,48,24
11D19H047-11D20H009:20,44,35,44
11D20H010-11D20H017:36,12,36,24,48,24
11D21H054-11D22H026:62,33,62,47
11D22H001-12D00H032:15,10,15,25,25,25
12D00H031-12D01H038:20,44,35,44
12D01H029-12D04H043:62,33,62,47
12D03H021-12D05H022:5,5,5,20
12D04H027-12D04H051:15,10,15,25,25,25
12D04H029-12D04H058:15,10,15,25,25,25
12D05H030-12D07H010:20,44,35,44
12D06H045-12D06H056:62,33,62,47
12D06H056-12D08H057:36,12,36,24,48,24
12D08H002-12D09H000:62,33,62,47
12D08H032-12D11H007:50,15,65,15
12D13H031-12D17H027:20,44,35,44
12D14H017-12D14H028:62,33,62,47
12D15H018-12D17H024:3,25,3,42
12D16H031-12D20H012:62,33,62,47
12D16H044-12D19H006:10,8,24,8
12D17H056-12D18H051:20,44,35,44
12D19H037-12D20H001:5,5,5,20
12D21H051-12D22H057:62,33,62,47
12D22H008-12D23H012:60,10,60,24
12D22H009-12D23H024:45,45,58,45
13D01H053-13D02H052:60,10,60,24
13D02H012-13D04H011:62,33,62,47
13D05H002-13D07H052:50,15,65,15
13D05H058-13D08H027:9,30,20,30
13D06H011-13D09H053:10,8,24,8
13D06H024-13D09H033:28,40,40,40
13D07H026-13D10H054:28,40,40,40
13D07H043-13D07H045:20,44,35,44
13D08H012-13D09H004:15,10,15,25,25,25
13D10H054-13D14H022:15,10,15,25,25,25
13D11H035-13D12H027:36,12,36,24,48,24
13D12H008-13D12H037:3,25,3,42
13D14H030-13D16H056:10,8,24,8
13D15H008-13D16H004:28,40,40,40
13D16H028-13D18H050:3,25,3,42
13D16H046-13D19H040:30,5,45,5
13D16H049-13D17H017:3,25,3,42
13D20H045-14D00H036:3,25,3,42
13D22H039-14D00H021:10,8,24,8
14D00H026-14D02H001:60,10,60,24
14D02H012-14D03H002:40,30,55,30,55,40
14D04H023-14D05H049:28,40,40,40
14D06H023-14D07H057:45,45,58,45
14D07H032-14D10H000:30,5,45,5
14D08H049-14D10H054:10,8,24,8
14D09H009-14D12H054:40,30,55,30,55,40
14D12H023-14D13H007:5,5,5,20
14D12H046-14D13H038:3,25,3,42
14D12H057-14D15H002:20,44,35,44
14D13H056-14D14H026:60,10,60,24
14D14H041-14D16H029:60,10,60,24
14D15H023-14D16H001:20,44,35,44
14D19H019-14D22H021:5,5,5,20
14D19H022-14D21H058:45,45,58,45
14D21H044-14D22H052:20,44,35,44
14D21H050-15D00H018:3,25,3,42
14D23H031-15D00H009:5,5,5,20
15D00H027-15D04H001:45,45,58,45
15D02H032-15D03H020:20,44,35,44
15D02H044-15D05H056:40,30,55,30,55,40
15D02H048-15D05H021:40,30,55,30,55,40
15D03H010-15D06H018:15,10,15,25,25,25
15D04H021-15D07H038:15,10,15,25,25,25
15D04H023-15D06H002:45,45,58,45
15D06H039-15D09H014:33,20,33,35
15D06H047-15D07H023:20,44,35,44
15D11H021-15D12H059:3,25,3,42
15D11H032-15D15H017:5,5,5,20
15D14H015-15D15H021:3,25,3,42
15D14H024-15D14H052:45,45,58,45
15D14H058-15D15H058:10,8,24,8
15D16H045-15D17H056:28,40,40,40
15D19H023-15D22H026:50,15,65,15
15D21H038-16D00H040:5,5,5,20
15D22H023-16D02H016:62,33,62,47
15D22H050-15D23H026:36,12,36,24,48,24
15D23H027-16D03H015:62,33,62,47
16D00H008-16D03H018:3,25,3,42
16D02H035-16D05H034:62,33,62,47
16D03H024-16D06H021:33,20,33,35
16D03H033-16D05H041:33,20,33,35
16D03H043-16D05H052:20,44,35,44
16D04H000-16D06H003:15,10,15,25,25,25
16D04H021-16D07H057:30,5,45,5
16D04H056-16D06H012:28,40,40,40
16D06H017-16D10H013:30,5,45,5
16D06H018-16D08H019:15,10,15,25,25,25
16D07H006-16D07H055:36,12,36,24,48,24
16D08H000-16D10H028:9,30,20,30
16D08H013-16D11H042:50,15,65,15
16D08H049-16D12H014:15,10,15,25,25,25
16D10H038-16D14H012:60,10,60,24
16D12H043-16D13H032:45,45,58,45
16D13H018-16D15H035:36,12,36,24,48,24
16D17H038-16D19H004:40,30,55,30,55,40
16D19H044-16D21H039:28,40,40,40
16D19H048-16D21H006:30,5,45,5
16D20H015-16D20H030:5,5,5,20
16D22H002-16D22H059:40,30,55,30,55,40
16D22H006-16D22H042:33,20,33,35
16D22H007-16D22H039:10,8,24,8
16D22H009-16D23H058:10,8,24,8
17D00H009-17D00H014:45,45,58,45
17D00H031-17D02H053:40,30,55,30,55,40
17D01H000-17D01H041:45,45,58,45
17D01H039-17D04H050:15,10,15,25,25,25
17D01H046-17D02H001:33,20,33,35
17D01H052-17D03H033:36,12,36,24,48,24
17D02H024-17D03H035:15,10,15,25,25,25
17D03H059-17D04H046:28,40,40,40
17D05H000-17D07H024:33,20,33,35
17D05H053-17D09H044:36,12,36,24,48,24
17D07H016-17D09H048:45,45,58,45
17D08H046-17D12H036:45,45,58,45
17D09H038-17D12H044:30,5,45,5
17D09H058-17D11H057:45,45,58,45
17D10H009-17D11H039:9,30,20,30
17D12H013-17D15H045:9,30,20,30
17D13H025-17D14H001:30,5,45,5
17D13H038-17D14H021:28,40,40,40
17D13H052-17D14H047:5,5,5,20
17D13H057-17D15H005:60,10,60,24
17D14H013-17D14H053:50,15,65,15
17D16H017-17D17H015:60,10,60,24
17D16H021-17D20H010:50,15,65,15
17D19H053-17D20H052:50,15,65,15
17D21H009-18D00H032:20,44,35,44
17D21H048-17D21H049:50,15,65,15
18D04H038-18D04H048:5,5,5,20
18D05H019-18D07H009:33,20,33,35
18D06H005-18D08H055:20,44,35,44
18D06H041-18D07H042:20,44,35,44
18D08H008-18D09H047:15,10,15,25,25,25
18D09H044-18D10H008:50,15,65,15
18D12H001-18D12H052:28,40,40,40
18D12H040-18D14H008:40,30,55,30,55,40
18D12H044-18D14H019:62,33,62,47
18D17H006-18D21H003:60,10,60,24
18D17H048-18D20H030:5,5,5,20
18D19H030-18D23H007:30,5,45,5
18D21H053-18D23H052:9,30,20,30
18D23H020-19D02H052:10,8,24,8
19D00H009-19D01H032:30,5,45,5
19D02H059-19D06H046:30,5,45,5
19D03H018-19D06H006:5,5,5,20
19D03H054-19D04H036:60,10,60,24
19D06H022-19D08H033:15,10,15,25,25,25
19D06H050-19D08H025:9,30,20,30
19D12H020-19D15H031:50,15,65,15
19D13H048-19D16H030:45,45,58,45
19D14H025-19D15H003:5,5,5,20
19D14H057-19D15H048:28,40,40,40
19D16H040-19D20H013:10,8,24,8
19D18H022-19D19H003:30,5,45,5
19D18H028-19D21H003:50,15,65,15
19D18H041-19D21H001:33,20,33,35
19D20H009-19D22H039:9,30,20,30
19D20H025-20D00H013:45,45,58,45
19D21H033-19D23H026:33,20,33,35
19D22H020-19D22H021:60,10,60,24
19D22H026-19D22H046:5,5,5,20
19D22H051-20D00H050:33,20,33,35
19D23H012-20D01H047:50,15,65,15
19D23H055-20D02H019:62,33,62,47
20D01H045-20D04H002:9,30,20,30
20D03H028-20D06H008:15,10,15,25,25,25
20D04H013-20D05H008:28,40,40,40
20D07H028-20D10H029:20,44,35,44
20D07H042-20D09H019:62,33,62,47
20D07H053-20D10H011:15,10,15,25,25,25
20D08H006-20D11H044:60,10,60,24
20D12H059-20D13H004:10,8,24,8
20D15H042-20D17H051:45,45,58,45
20D15H053-20D16H056:62,33,62,47
20D16H003-20D18H013:9,30,20,30
20D16H055-20D17H049:45,45,58,45
20D17H013-20D20H014:15,10,15,25,25,25
20D17H015-20D19H054:40,30,55,30,55,40
20D22H007-21D00H004:40,30,55,30,55,40
21D01H024-21D04H025:62,33,62,47
21D02H039-21D05H000:36,12,36,24,48,24
21D06H030-21D09H007:15,10,15,25,25,25
21D07H006-21D10H037:33,20,33,35
21D07H021-21D07H057:60,10,60,24
21D08H044-21D10H051:33,20,33,35
21D09H002-21D12H058:10,8,24,8
21D09H012-21D11H031:15,10,15,25,25,25
21D09H013-21D11H039:50,15,65,15
21D09H023-21D11H048:10,8,24,8
21D09H035-21D13H033:15,10,15,25,25,25
21D09H047-21D12H006:15,10,15,25,25,25
21D11H001-21D13H032:36,12,36,24,48,24
21D11H042-21D11H053:20,44,35,44
21D12H011-21D14H011:50,15,65,15
21D12H029-21D15H011:40,30,55,30,55,40
21D13H035-21D15H032:10,8,24,8
21D13H049-21D16H059:33,20,33,35
21D14H048-21D17H015:62,33,62,47
21D19H019-21D21H005:60,10,60,24
21D20H032-21D23H026:28,40,40,40
21D23H010-22D01H041:62,33,62,47
21D23H017-21D23H025:60,10,60,24
22D01H024-22D03H027:30,5,45,5
22D01H024-22D03H048:20,44,35,44
22D04H030-22D06H015:60,10,60,24
22D08H020-22D11H035:45,45,58,45
22D11H057-22D15H047:50,15,65,15
22D12H037-22D15H050:50,15,65,15
22D12H051-22D13H008:60,10,60,24
22D14H033-22D15H026:10,8,24,8
22D16H040-22D18H008:40,30,55,30,55,40
22D20H043-22D22H054:15,10,15,25,25,25
22D20H048-23D00H045:62,33,62,47
22D21H051-23D01H035:62,33,62,47
22D21H059-23D01H040:45,45,58,45
22D22H029-23D01H033:45,45,58,45
22D22H054-22D22H058:33,20,33,35
23D03H007-23D03H009:5,5,5,20
23D03H010-23D03H021:40,30,55,30,55,40
23D06H031-23D08H023:50,15,65,15
23D08H006-23D09H004:50,15,65,15
23D08H015-23D09H053:36,12,36,24,48,24
23D08H022-23D12H008:36,12,36,24,48,24
23D08H028-23D12H000:62,33,62,47
23D08H031-23D09H045:3,25,3,42
23D11H024-23D15H009:20,44,35,44
23D11H032-23D11H054:10,8,24,8
23D11H054-23D12H012:15,10,15,25,25,25
23D14H040-23D16H032:40,30,55,30,55,40
23D15H023-23D16H023:3,25,3,42
23D20H006-24D00H002:50,15,65,15
23D22H044-24D00H028:60,10,60,24
23D22H055-24D02H002:60,10,60,24
24D00H013-24D00H032:9,30,20,30
24D01H022-24D02H006:45,45,58,45
24D01H045-24D02H026:3,25,3,42
24D02H037-24D04H030:60,10,60,24
24D03H044-24D06H010:33,20,33,35
24D06H000-24D07H024:36,12,36,24,48,24
24D10H052-24D14H017:62,33,62,47
24D11H015-24D13H017:62,33,62,47
24D11H028-24D13H052:50,15,65,15
24D13H003-24D14H010:28,40,40,40
24D13H039-24D16H018:40,30,55,30,55,40
24D13H058-24D14H009:20,44,35,44
24D14H026-24D14H044:9,30,20,30
24D14H050-24D17H044:62,33,62,47
24D18H058-24D21H021:33,20,33,35
24D19H024-24D19H029:50,15,65,15
24D20H005-24D22H037:15,10,15,25,25,25
24D22H021-24D23H055:20,44,35,44
25D00H010-25D02H034:20,44,35,44
25D00H035-25D01H030:5,5,5,20
25D01H023-25D01H043:15,10,15,25,25,25
25D01H048-25D03H013:9,30,20,30
25D03H038-25D06H001:28,40,40,40
25D04H008-25D05H024:36,12,36,24,48,24
25D07H047-25D10H045:5,5,5,20
25D08H024-25D08H032:15,10,15,25,25,25
25D09H024-25D09H055:62,33,62,47
25D10H029-25D10H051:36,12,36,24,48,24
25D10H050-25D14H041:10,8,24,8
25D12H045-25D15H037:5,5,5,20
25D14H012-25D16H052:5,5,5,20
25D14H034-25D18H007:28,40,40,40
25D14H037-25D17H016:28,40,40,40
25D15H016-25D16H020:28,40,40,40
25D15H028-25D19H006:50,15,65,15
25D18H051-25D22H012:3,25,3,42
25D19H040-25D22H025:15,10,15,25,25,25
25D23H017-26D03H001:36,12,36,24,48,24
25D23H048-26D02H046:5,5,5,20
26D00H010-26D01H013:30,5,45,5
26D03H026-26D06H020:28,40,40,40
26D03H029-26D06H041:15,10,15,25,25,25
26D07H005-26D09H036:15,10,15,25,25,25
26D08H012-26D10H027:10,8,24,8
26D09H008-26D11H003:62,33,62,47
26D11H016-26D11H039:28,40,40,40
26D11H044-26D12H030:33,20,33,35
26D11H046-26D12H052:10,8,24,8
26D12H028-26D16H000:15,10,15,25,25,25
26D18H016-26D22H006:28,40,40,40
26D18H038-26D20H052:62,33,62,47
26D19H045-26D21H014:62,33,62,47
26D20H034-26D22H007:36,12,36,24,48,24
26D20H057-26D21H059:33,20,33,35
26D21H036-26D22H028:9,30,20,30
26D22H055-26D23H038:60,10,60,24
26D23H045-26D23H054:15,10,15,25,25,25
27D01H034-27D03H047:30,5,45,5
27D01H038-27D01H046:9,30,20,30
27D01H040-27D02H005:20,44,35,44
27D02H033-27D03H024:60,10,60,24
27D03H036-27D04H055:28,40,40,40
27D03H047-27D05H024:30,5,45,5
27D08H002-27D09H025:36,12,36,24,48,24
27D08H043-27D10H053:30,5,45,5
27D11H044-27D12H029:5,5,5,20
27D15H036-27D15H050:36,12,36,24,48,24
27D17H008-27D19H000:40,30,55,30,55,40
27D19H019-27D22H056:5,5,5,20
27D22H051-28D01H020:30,5,45,5
27D23H025-28D01H046:15,10,15,25,25,25
28D00H031-28D02H050:28,40,40,40
28D00H049-28D01H020:30,5,45,5
28D01H002-28D01H023:45,45,58,45
28D01H042-28D04H034:3,25,3,42
28D04H016-28D05H014:45,45,58,45
28D04H042-28D07H028:40,30,55,30,55,40
28D04H043-28D08H042:40,30,55,30,55,40
28D06H024-28D08H026:3,25,3,42
28D07H029-28D11H017:33,20,33,35
28D07H051-28D08H050:20,44,35,44
28D09H033-28D12H028:50,15,65,15
28D09H041-28D11H018:50,15,65,15
28D09H059-28D10H042:50,15,65,15
28D12H002-28D14H032:45,45,58,45
28D12H017-28D14H053:33,20,33,35
28D12H029-28D14H027:9,30,20,30
28D13H014-28D15H000:9,30,20,30
28D14H006-28D14H044:3,25,3,42
28D17H015-28D19H017:15,10,15,25,25,25
28D20H024-28D23H036:62,33,62,47
29D02H043-29D03H027:60,10,60,24
29D02H054-29D05H000:10,8,24,8
29D05H003-29D08H049:50,15,65,15
29D07H011-29D09H037:9,30,20,30
29D10H038-29D11H052:10,8,24,8
29D12H029-29D15H012:40,30,55,30,55,40
29D12H050-29D15H008:28,40,40,40
29D15H045-29D17H053:3,25,3,42
29D15H056-29D18H038:60,10,60,24
29D17H014-29D17H035:15,10,15,25,25,25
29D20H000-29D23H041:30,5,45,5
29D20H032-29D23H052:40,30,55,30,55,40
29D21H044-29D23H016:36,12,36,24,48,24
30D00H045-30D03H014:15,10,15,25,25,25
30D03H039-30D05H017:10,8,24,8
30D04H008-30D05H017:30,5,45,5
30D04H011-30D06H049:50,15,65,15
30D04H049-30D08H026:3,25,3,42
30D05H023-30D09H005:20,44,35,44
30D08H018-30D10H046:40,30,55,30,55,40
30D11H023-30D14H019:30,5,45,5
30D12H043-30D15H020:5,5,5,20
30D12H049-30D16H016:10,8,24,8
30D12H056-30D13H058:50,15,65,15
30D13H037-30D13H048:50,15,65,15
30D13H044-30D16H039:9,30,20,30
30D14H042-30D15H012:5,5,5,20
30D16H035-30D18H005:60,10,60,24
30D16H037-30D19H001:5,5,5,20
30D18H036-30D20H042:9,30,20,30
30D18H050-30D19H006:5,5,5,20
30D19H024-30D22H049:30,5,45,5
30D19H028-30D20H004:5,5,5,20
30D22H004-31D00H039:45,45,58,45
31D00H021-31D03H028:33,20,33,35
31D00H031-31D02H032:15,10,15,25,25,25
31D01H001-31D02H011:50,15,65,15
31D01H023-31D02H007:60,10,60,24
31D01H042-31D03H020:28,40,40,40
31D02H002-31D04H032:60,10,60,24
31D02H054-31D06H027:36,12,36,24,48,24
31D03H003-31D04H013:33,20,33,35
31D05H042-31D06H037:45,45,58,45
31D06H009-31D09H036:36,12,36,24,48,24
31D07H040-31D08H052:9,30,20,30
31D07H046-31D10H014:10,8,24,8
31D08H053-31D09H036:10,8,24,8
31D11H050-31D13H058:15,10,15,25,25,25
31D12H039-31D14H054:3,25,3,42
31D13H032-31D13H053:62,33,62,47
31D13H058-31D17H007:45,45,58,45
31D14H006-31D14H037:9,30,20,30
31D14H058-31D15H035:28,40,40,40
31D15H007-31D16H038:20,44,35,44
31D15H014-31D16H052:30,5,45,5
31D15H025-31D16H031:5,5,5,20
31D15H035-31D16H006:3,25,3,42
31D15H042-31D18H057:28,40,40,40
31D16H000-31D19H019:5,5,5,20
31D16H003-31D19H047:5,5,5,20
31D16H011-31D16H033:50,15,65,15
31D17H041-31D19H023:36,12,36,24,48,24
31D21H004-31D22H054:45,45,58,45
31D21H043-31D22H024:33,20,33,35
31D22H016-31D22H034:10,8,24,8
31D22H029-31D23H059:20,44,35,44
