01D01H010-01D02H044:50,15,65,15
01D02H007-01D03H031:36,12,36,24,48,24
01D04H019-01D05H050:20,44,35,44
01D04H046-01D07H033:60,10,60,24
01D06H024-01D06H044:3,25,3,42
01D07H016-01D08H009:9,30,20,30
01D07H033-01D08H018:5,5,5,20
01D10H010-01D12H034:33,20,33,35
01D11H028-01D11H054:10,8,24,8
01D12H004-01D15H058:28,40,40,40
01D12H026-01D13H003:50,15,65,15
01D12H055-01D15H019:36,12,36,24,48,24
01D13H012-01D16H023:20,44,35,44
01D14H004-01D17H031:50,15,65,15
01D14H009-01D17H015:30,5,45,5
01D16H032-01D17H021:30,5,45,5
01D16H043-01D19H035:33,20,33,35
01D18H034-01D18H047:33,20,33,35
01D19H054-01D23H030:45,45,58,45
01D20H028-01D21H046:5,5,5,20
01D23H048-02D00H046:40,30,55,30,55,40
01D23H048-02D01H025:3,25,3,42
02D00H009-02D02H025:15,10,15,25,25,25
02D01H003-02D01H022:20,44,35,44
02D01H055-02D02H008:15,10,15,25,25,25
02D02H018-02D04H006:40,30,55,30,55,40
02D02H045-02D02H059:62,33,62,47
02D03H021-02D05H030:30,5,45,5
02D03H031-02D05H021:50,15,65,15
02D05H031-02D09H001:15,10,15,25,25,25
02D07H014-02D10H016:60,10,60,24
02D10H007-02D12H057:50,15,65,15
02D11H032-02D14H001:3,25,3,42
02D12H035-02D14H017:62,33,62,47
02D12H042-02D13H046:36,12,36,24,48,24
02D13H034-02D16H046:36,12,36,24,48,24
02D13H041-02D16H024:20,44,35,44
02D14H022-02D15H007:36,12,36,24,48,24
02D16H053-02D18H016:9,30,20,30
02D17H012-02D19H010:9,30,20,30
02D17H049-02D21H005:15,10,15,25,25,25
02D19H023-02D22H010:5,5,5,20
02D19H054-02D22H004:45,45,58,45
02D20H033-02D23H023:62,33,62,47
02D23H009-03D01H047:62,33,62,47
03D00H003-03D03H001:10,8,24,8
03D01H025-03D03H031:36,12,36,24,48,24
03D01H038-03D02H025:15,10,15,25,25,25
03D02H015-03D05H046:28,40,40,40
03D03H032-03D04H001:20,44,35,44
03D05H017-03D06H037:20,44,35,44
03D05H031-03D09H024:10,8,24,8
03D05H032-03D08H052:33,20,33,35
03D09H023-03D13H003:33,20,33,35
03D10H001-03D12H059:50,15,65,15
03D10H002-03D11H041:62,33,62,47
03D12H012-03D12H025:40,30,55,30,55,40
03D14H013-03D14H056:62,33,62,47
03D14H022-03D17H039:33,20,33,35
03D14H052-03D16H000:33,20,33,35
03D16H019-03D18H021:60,10,60,24
03D16H046-03D18H042:33,20,33,35
03D17H044-03D21H029:9,30,20,30
03D18H022-03D22H015:20,44,35,44
03D19H023-03D21H018:9,30,20,30
03D20H033-03D22H053:10,8,24,8
03D21H039-03D23H057:28,40,40,40
03D22H046-03D22H048:50,15,65,15
03D23H008-04D01H020:62,33,62,47
03D23H014-04D01H035:62,33,62,47
03D23H035-04D01H007:60,10,60,24
03D23H038-04D02H049:3,25,3,42
04D00H013-04D02H041:28,40,40,40
04D00H021-04D01H009:50,15,65,15
04D03H010-04D04H035:50,15,65,15
04D04H030-04D07H040:33,20,33,35
04D07H016-04D10H019:45,45,58,45
04D09H031-04D09H058:45,45,58,45
04D09H049-04D12H031:30,5,45,5
04D10H023-04D11H037:9,30,20,30
04D10H045-04D13H030:9,30,20,30
04D11H000-04D13H001:20,44,35,44
04D14H033-04D14H058:60,10,60,24
04D14H052-04D15H058:60,10,60,24
04D15H024-04D16H018:50,15,65,15
04D16H001-04D18H004:40,30,55,30,55,40
04D16H019-04D16H050:30,5,45,5
04D16H021-04D17H048:10,8,24,8
04D21H027-04D22H033:3,25,3,42
04D22H006-05D00H031:62,33,62,47
04D22H009-05D01H016:36,12,36,24,48,24
05D01H025-05D04H058:28,40,40,40
05D02H020-05D03H031:30,5,45,5
05D02H053-05D04H028:5,5,5,20
05D03H054-05D07H040:50,15,65,15
05D06H017-05D08H025:3,25,3,42
05D08H052-05D12H014:28,40,40,40
05D08H054-05D10H011:36,12,36,24,48,24
05D09H000-05D09H034:40,30,55,30,55,40
05D09H045-05D11H000:15,10,15,25,25,25
05D10H018-05D11H059:28,40,40,40
05D10H051-05D12H046:33,20,33,35
05D11H019-05D14H024:3,25,3,42
05D11H040-05D15H028:45,45,58,45
05D12H047-05D14H017:20,44,35,44
05D13H040-05D14H047:20,44,35,44
05D15H026-05D16H038:60,10,60,24
05D16H004-05D17H009:28,40,40,40
05D16H051-05D17H034:5,5,5,20
05D18H011-05D22H010:20,44,35,44
05D19H002-05D20H024:60,10,60,24
05D20H047-05D21H013:9,30,20,30
05D23H030-06D00H056:36,12,36,24,48,24
06D02H024-06D05H052:20,44,35,44
06D03H025-06D04H050:3,25,3,42
06D03H030-06D06H045:40,30,55,30,55,40
06D03H031-06D07H014:60,10,60,24
06D03H051-06D06H034:50,15,65,15
06D03H058-06D06H017:9,30,20,30
06D04H003-06D05H012:28,40,40,40
06D05H045-06D07H001:15,10,15,25,25,25
06D07H022-06D09H024:60,10,60,24
06D07H047-06D11H007:5,5,5,20
06D07H054-06D11H019:30,5,45,5
06D08H019-06D10H058:62,33,62,47
06D09H035-06D11H023:5,5,5,20
06D10H005-06D13H057:36,12,36,24,48,24
06D11H046-06D15H023:9,30,20,30
06D17H056-06D18H011:20,44,35,44
06D18H007-06D18H055:5,5,5,20
06D22H048-06D23H027:62,33,62,47
07D00H018-07D00H030:50,15,65,15
07D02H005-07D04H013:20,44,35,44
07D02H032-07D05H016:3,25,3,42
07D02H038-07D03H013:5,5,5,20
07D03H019-07D04H043:28,40,40,40
07D03H037-07D06H058:50,15,65,15
07D03H053-07D05H051:28,40,40,40
07D04H018-07D05H049:5,5,5,20
07D07H025-07D09H008:60,10,60,24
07D07H035-07D07H048:3,25,3,42
07D08H008-07D09H055:36,12,36,24,48,24
07D08H014-07D09H030:45,45,58,45
07D09H028-07D11H042:10,8,24,8
07D10H015-07D11H037:40,30,55,30,55,40
07D11H039-07D13H043:28,40,40,40
07D12H056-07D14H031:36,12,36,24,48,24
07D13H051-07D16H030:9,30,20,30
07D16H038-07D18H032:20,44,35,44
07D18H029-07D19H031:33,20,33,35
07D18H030-07D21H009:20,44,35,44
07D21H016-08D01H014:50,15,65,15
07D22H012-08D01H003:5,5,5,20
08D00H002-08D01H018:40,30,55,30,55,40
08D01H011-08D03H002:28,40,40,40
08D07H044-08D08H007:40,30,55,30,55,40
08D09H049-08D10H026:50,15,65,15
08D10H045-08D13H025:5,5,5,20
08D16H059-08D18H059:28,40,40,40
08D18H006-08D20H026:3,25,3,42
08D20H027-08D20H037:20,44,35,44
08D20H028-09D00H025:50,15,65,15
08D22H031-09D02H009:50,15,65,15
09D01H037-09D04H006:36,12,36,24,48,24
09D01H056-09D02H014:20,44,35,44
09D04H010-09D05H001:9,30,20,30
09D04H033-09D05H037:62,33,62,47
09D05H022-09D05H034:62,33,62,47
09D06H040-09D06H049:10,8,24,8
09D07H040-09D09H007:15,10,15,25,25,25
09D08H033-09D11H002:5,5,5,20
09D08H041-09D10H025:30,5,45,5
09D10H048-09D11H059:50,15,65,15
09D12H041-09D15H018:40,30,55,30,55,40
09D12H047-09D15H034:28,40,40,40
09D12H052-09D14H003:30,5,45,5
09D15H000-09D18H016:10,8,24,8
09D17H029-09D17H058:33,20,33,35
09D19H035-09D23H035:15,10,15,25,25,25
09D19H058-09D20H050:45,45,58,45
09D22H036-10D01H040:60,10,60,24
10D01H054-10D02H039:40,30,55,30,55,40
10D03H000-10D06H007:28,40,40,40
10D03H054-10D04H008:40,30,55,30,55,40
10D06H049-10D08H050:62,33,62,47
10D06H057-10D08H026:62,33,62,47
10D07H038-10D10H054:45,45,58,45
10D08H003-10D09H047:15,10,15,25,25,25
10D08H039-10D09H006:40,30,55,30,55,40
10D08H047-10D12H026:33,20,33,35
10D09H040-10D12H049:30,5,45,5
10D12H032-10D16H005:45,45,58,45
10D13H025-10D16H056:30,5,45,5
10D13H032-10D13H047:15,10,15,25,25,25
10D16H046-10D17H047:62,33,62,47
10D17H035-10D19H033:28,40,40,40
10D19H030-10D19H041:3,25,3,42
10D19H045-10D23H044:5,5,5,20
10D20H019-10D20H051:10,8,24,8
10D20H024-10D22H053:15,10,15,25,25,25
10D20H035-10D21H051:60,10,60,24
11D01H008-11D03H045:9,30,20,30
11D01H059-11D04H024:5,5,5,20
11D06H014-11D07H019:9,30,20,30
11D06H019-11D08H035:3,25,3,42
11D06H030-11D07H014:40,30,55,30,55,40
11D06H059-11D09H048:33,20,33,35
11D07H044-11D09H023:3,25,3,42
11D07H057-11D09H044:20,44,35,44
11D07H057-11D09H046:30,5,45,5
11D07H059-11D11H046:36,12,36,24,48,24
11D08H012-11D11H022:36,12,36,24,48,24
11D08H052-11D10H027:62,33,62,47
11D09H049-11D11H044:28,40,40,40
11D10H045-11D11H056:60,10,60,24
11D10H045-11D13H025:20,44,35,44
11D11H011-11D12H006:28,40,40,40
11D11H021-11D13H019:62,33,62,47
11D14H001-11D15H027:5,5,5,20
11D14H027-11D18H005:30,5,45,5
11D14H043-11D18H030:20,44,35,44
11D15H002-11D17H017:9,30,20,30
11D18H021-11D21H029:45,45,58,45
11D18H034-11D18H054:5,5,5,20
11D20H028-11D23H024:15,10,15,25,25,25
11D21H004-11D21H051:50,15,65,15
11D21H058-11D23H016:33,20,33,35
11D22H021-11D23H000:20,44,35,44
12D00H044-12D02H005:33,20,33,35
12D07H014-12D10H056:3,25,3,42
12D07H032-12D08H036:45,45,58,45
12D08H023-12D10H038:3,25,3,42
12D09H008-12D11H048:9,30,20,30
12D09H032-12D10H030:9,30,20,30
12D11H026-12D11H054:33,20,33,35
12D11H059-12D13H034:45,45,58,45
12D12H036-12D16H022:40,30,55,30,55,40
12D12H040-12D12H054:50,15,65,15
12D12H044-12D15H042:30,5,45,5
12D14H020-12D15H045:10,8,24,8
12D15H051-12D17H000:20,44,35,44
12D19H002-12D22H003:5,5,5,20
12D20H048-12D23H037:10,8,24,8
12D21H018-12D22H044:30,5,45,5
12D21H028-12D23H031:40,30,55,30,55,40
12D23H026-12D23H057:62,33,62,47
13D01H001-13D01H040:62,33,62,47
13D03H011-13D05H028:28,40,40,40
13D04H016-13D06H043:28,40,40,40
13D04H019-13D06H039:15,10,15,25,25,25
13D05H033-13D06H024:40,30,55,30,55,40
13D06H004-13D06H015:9,30,20,30
13D07H030-13D09H014:3,25,3,42
13D07H036-13D10H051:10,8,24,8
13D08H000-13D09H006:36,12,36,24,48,24
13D09H007-13D10H026:45,45,58,45
13D09H037-13D12H048:30,5,45,5
13D10H041-13D13H055:30,5,45,5
13D14H028-13D15H030:36,12,36,24,48,24
13D15H018-13D19H006:50,15,65,15
13D15H035-13D15H037:50,15,65,15
13D18H008-13D21H053:45,45,58,45
13D19H047-13D21H002:30,5,45,5
13D19H049-13D21H031:9,30,20,30
13D21H042-14D01H030:10,8,24,8
13D22H004-14D00H008:36,12,36,24,48,24
13D22H020-14D02H010:45,45,58,45
13D23H035-14D00H037:15,10,15,25,25,25
13D23H050-14D02H002:33,20,33,35
14D00H014-14D01H009:10,8,24,8
14D01H017-14D02H002:30,5,45,5
14D02H044-14D04H044:62,33,62,47
14D03H059-14D04H054:20,44,35,44
14D04H000-14D06H029:60,10,60,24
14D04H035-14D07H026:30,5,45,5
14D05H005-14D08H028:10,8,24,8
14D05H013-14D05H029:15,10,15,25,25,25
14D06H000-14D08H001:36,12,36,24,48,24
14D06H021-14D08H014:45,45,58,45
14D07H028-14D08H037:28,40,40,40
14D08H019-14D09H023:15,10,15,25,25,25
14D09H050-14D12H040:15,10,15,25,25,25
14D10H011-14D13H029:9,30,20,30
14D11H032-14D12H007:28,40,40,40
14D12H003-14D15H031:5,5,5,20
14D14H056-14D15H002:60,10,60,24
14D15H013-14D15H045:60,10,60,24
14D15H029-14D17H033:5,5,5,20
14D15H041-14D18H022:50,15,65,15
14D16H016-14D16H033:36,12,36,24,48,24
14D17H032-14D18H024:10,8,24,8
14D17H038-14D20H005:36,12,36,24,48,24
14D19H026-14D21H000:15,10,15,25,25,25
14D21H004-14D21H009:20,44,35,44
14D22H050-14D23H002:50,15,65,15
15D00H038-15D04H030:5,5,5,20
15D00H050-15D04H018:10,8,24,8
15D03H051-15D06H006:45,45,58,45
15D05H007-15D08H008:5,5,5,20
15D06H013-15D09H012:45,45,58,45
15D06H039-15D06H051:3,25,3,42
15D07H039-15D11H004:20,44,35,44
15D07H053-15D08H058:28,40,40,40
15D08H030-15D08H053:3,25,3,42
15D10H047-15D12H053:30,5,45,5
15D11H039-15D14H036:33,20,33,35
15D13H022-15D15H010:62,33,62,47
15D15H032-15D18H003:10,8,24,8
15D16H001-15D16H030:62,33,62,47
15D16H017-15D16H029:50,15,65,15
15D16H018-15D19H038:9,30,20,30
15D16H019-15D16H037:10,8,24,8
15D16H029-15D17H000:45,45,58,45
15D17H038-15D21H024:9,30,20,30
15D18H038-15D20H000:45,45,58,45
15D19H022-15D22H027:62,33,62,47
15D19H050-15D22H039:62,33,62,47
15D21H043-15D22H003:10,8,24,8
15D22H010-15D22H039:3,25,3,42
15D22H020-16D01H041:20,44,35,44
15D22H038-16D00H050:5,5,5,20
15D23H015-15D23H042:40,30,55,30,55,40
15D23H044-16D02H036:62,33,62,47
16D00H043-16D01H040:5,5,5,20
16D01H004-16D03H030:3,25,3,42
16D01H050-16D05H032:30,5,45,5
16D02H018-16D06H008:10,8,24,8
16D02H051-16D02H054:40,30,55,30,55,40
16D07H000-16D10H023:36,12,36,24,48,24
16D08H016-16D08H025:40,30,55,30,55,40
16D09H014-16D09H020:36,12,36,24,48,24
16D14H054-16D16H055:9,30,20,30
16D15H006-16D18H047:15,10,15,25,25,25
16D16H003-16D18H058:36,12,36,24,48,24
16D16H011-16D18H005:40,30,55,30,55,40
16D17H002-16D18H008:28,40,40,40
16D17H047-16D18H058:33,20,33,35
16D20H002-16D20H019:10,8,24,8
16D20H052-16D22H046:40,30,55,30,55,40
16D21H001-17D00H005:28,40,40,40
16D21H029-16D23H011:28,40,40,40
16D21H043-16D23H027:3,25,3,42
16D21H059-16D22H050:20,44,35,44
16D22H000-17D00H007:60,10,60,24
16D23H058-17D03H023:9,30,20,30
17D00H021-17D03H056:33,20,33,35
17D02H015-17D05H002:10,8,24,8
17D04H007-17D04H016:50,15,65,15
17D04H036-17D05H014:33,20,33,35
17D05H041-17D07H011:3,25,3,42
17D08H014-17D09H041:5,5,5,20
17D09H029-17D10H054:20,44,35,44
17D10H050-17D12H024:10,8,24,8
17D11H044-17D14H042:20,44,35,44
17D13H024-17D13H059:60,10,60,24
17D14H018-17D18H001:50,15,65,15
17D14H029-17D18H005:62,33,62,47
17D16H046-17D18H018:5,5,5,20
17D18H014-17D21H022:36,12,36,24,48,24
17D18H057-17D22H043:60,10,60,24
17D20H026-17D21H035:30,5,45,5
18D01H021-18D04H004:3,25,3,42
18D05H047-18D06H052:15,10,15,25,25,25
18D07H001-18D10H024:15,10,15,25,25,25
18D07H041-18D09H043:5,5,5,20
18D08H040-18D08H042:62,33,62,47
18D08H043-18D12H014:30,5,45,5
18D10H016-18D12H016:33,20,33,35
18D10H027-18D11H056:9,30,20,30
18D10H040-18D14H036:36,12,36,24,48,24
18D13H025-18D14H018:40,30,55,30,55,40
18D14H054-18D16H001:33,20,33,35
18D15H046-18D18H040:9,30,20,30
18D20H057-18D21H048:45,45,58,45
18D21H032-18D22H031:62,33,62,47
18D22H029-18D22H059:10,8,24,8
18D23H019-19D02H002:9,30,20,30
19D00H018-19D02H046:5,5,5,20
19D00H058-19D01H015:30,5,45,5
19D02H016-19D06H009:30,5,45,5
19D03H015-19D06H031:33,20,33,35
19D03H044-19D07H024:45,45,58,45
19D03H052-19D05H052:36,12,36,24,48,24
19D05H031-19D08H033:28,40,40,40
19D07H058-19D08H042:33,20,33,35
19D08H035-19D09H025:3,25,3,42
19D09H000-19D12H026:9,30,20,30
19D09H004-19D11H050:36,12,36,24,48,24
19D09H018-19D13H004:3,25,3,42
19D10H033-19D11H031:60,10,60,24
19D11H010-19D11H011:40,30,55,30,55,40
19D11H051-19D12H035:9,30,20,30
19D18H015-19D19H055:28,40,40,40
19D18H037-19D18H044:9,30,20,30
19D20H028-19D23H030:20,44,35,44
19D21H040-20D00H022:10,8,24,8
19D22H020-19D23H003:3,25,3,42
19D22H033-19D23H045:15,10,15,25,25,25
20D00H004-20D00H022:3,25,3,42
20D00H050-20D04H006:5,5,5,20
20D03H005-20D03H013:20,44,35,44
20D03H027-20D06H056:10,8,24,8
20D04H002-20D05H057:62,33,62,47
20D04H044-20D07H041:20,44,35,44
20D06H001-20D07H048:20,44,35,44
20D06H033-20D08H058:3,25,3,42
20D06H045-20D07H003:20,44,35,44
20D06H050-20D10H038:62,33,62,47
20D07H003-20D10H046:20,44,35,44
20D10H006-20D13H012:33,20,33,35
20D10H043-20D10H052:33,20,33,35
20D10H045-20D12H052:15,10,15,25,25,25
20D11H059-20D13H039:62,33,62,47
20D13H049-20D16H028:20,44,35,44
20D14H001-20D14H047:20,44,35,44
20D15H004-20D15H025:20,44,35,44
20D16H028-20D19H044:33,20,33,35
20D17H014-20D18H051:60,10,60,24
20D19H041-20D21H050:33,20,33,35
20D19H056-20D22H039:15,10,15,25,25,25
20D20H002-20D20H054:28,40,40,40
20D20H022-21D00H015:20,44,35,44
20D21H024-20D23H038:9,30,20,30
20D23H025-20D23H046:9,30,20,30
21D00H004-21D01H047:5,5,5,20
21D00H043-21D03H005:15,10,15,25,25,25
21D05H006-21D07H039:45,45,58,45
21D05H049-21D07H057:62,33,62,47
21D06H012-21D09H053:60,10,60,24
21D07H021-21D09H030:60,10,60,24
21D07H041-21D10H027:62,33,62,47
21D07H058-21D10H021:28,40,40,40
21D08H049-21D08H052:10,8,24,8
21D11H006-21D13H008:9,30,20,30
21D12H026-21D15H015:45,45,58,45
21D13H024-21D17H000:36,12,36,24,48,24
21D14H021-21D14H026:45,45,58,45
21D15H005-21D16H028:10,8,24,8
21D16H036-21D20H002:62,33,62,47
21D17H012-21D19H005:50,15,65,15
21D17H032-21D17H041:40,30,55,30,55,40
21D18H024-21D19H058:30,5,45,5
21D19H025-21D22H014:10,8,24,8
21D20H034-21D22H039:45,45,58,45
21D21H006-21D21H029:45,45,58,45
21D21H009-22D00H002:62,33,62,47
21D22H012-22D00H036:40,30,55,30,55,40
22D00H004-22D02H003:40,30,55,30,55,40
22D00H017-22D00H041:20,44,35,44
22D02H056-22D05H026:28,40,40,40
22D03H002-22D06H050:62,33,62,47
22D03H053-22D05H046:10,8,24,8
22D04H022-22D05H011:9,30,20,30
22D04H029-22D07H053:60,10,60,24
22D04H058-22D06H056:40,30,55,30,55,40
22D05H031-22D06H010:30,5,45,5
22D07H029-22D09H045:15,10,15,25,25,25
22D08H009-22D08H031:5,5,5,20
22D09H058-22D13H002:3,25,3,42
22D12H028-22D14H020:9,30,20,30
22D12H046-22D13H047:60,10,60,24
22D13H046-22D16H059:3,25,3,42
22D15H001-22D16H020:5,5,5,20
22D16H010-22D17H018:3,25,3,42
22D16H026-22D19H045:50,15,65,15
22D17H026-22D19H044:20,44,35,44
22D18H002-22D20H040:9,30,20,30
22D19H051-22D20H014:3,25,3,42
22D20H024-23D00H020:50,15,65,15
22D21H001-23D00H024:62,33,62,47
22D22H048-22D23H021:10,8,24,8
23D01H010-23D01H031:9,30,20,30
23D02H019-23D05H004:28,40,40,40
23D03H009-23D03H037:30,5,45,5
23D03H032-23D05H016:40,30,55,30,55,40
23D04H017-23D05H042:33,20,33,35
23D05H052-23D06H029:15,10,15,25,25,25
23D08H054-23D12H006:36,12,36,24,48,24
23D09H050-23D12H016:30,5,45,5
23D11H025-23D12H049:50,15,65,15
23D11H053-23D13H032:62,33,62,47
23D12H030-23D15H002:40,30,55,30,55,40
23D12H051-23D14H010:5,5,5,20
23D13H058-23D15H050:62,33,62,47
23D14H037-23D18H006:45,45,58,45
23D15H009-23D18H053:28,40,40,40
23D15H017-23D15H049:36,12,36,24,48,24
23D15H030-23D17H051:62,33,62,47
23D16H002-23D17H001:28,40,40,40
23D16H056-23D18H031:20,44,35,44
23D17H016-23D18H010:15,10,15,25,25,25
23D17H024-23D20H022:45,45,58,45
23D18H057-23D22H007:3,25,3,42
23D22H053-24D02H042:9,30,20,30
24D00H009-24D01H027:3,25,3,42
24D01H046-24D02H009:20,44,35,44
24D03H034-24D04H020:28,40,40,40
24D05H007-24D05H046:60,10,60,24
24D08H019-24D11H057:20,44,35,44
24D09H024-24D10H059:5,5,5,20
24D09H031-24D10H006:30,5,45,5
24D09H057-24D11H040:36,12,36,24,48,24
24D10H012-24D10H034:28,40,40,40
24D10H018-24D13H018:28,40,40,40
24D11H006-24D14H037:30,5,45,5
24D12H027-24D13H006:62,33,62,47
24D12H038-24D13H019:5,5,5,20
24D13H025-24D15H008:62,33,62,47
24D17H016-24D19H054:33,20,33,35
24D17H024-24D19H019:9,30,20,30
24D22H031-25D00H037:30,5,45,5
24D23H007-25D00H005:3,25,3,42
25D00H011-25D01H050:28,40,40,40
25D04H012-25D05H031:36,12,36,24,48,24
25D04H022-25D06H024:60,10,60,24
25D04H023-25D08H015:45,45,58,45
25D04H026-25D05H032:30,5,45,5
25D05H019-25D06H049:36,12,36,24,48,24
25D08H003-25D09H031:40,30,55,30,55,40
25D09H015-25D09H055:15,10,15,25,25,25
25D09H016-25D09H030:36,12,36,24,48,24
25D09H054-25D12H016:5,5,5,20
25D10H038-25D13H036:50,15,65,15
25D10H040-25D12H041:62,33,62,47
25D14H027-25D17H040:33,20,33,35
25D20H051-25D21H010:5,5,5,20
25D20H058-25D22H027:40,30,55,30,55,40
25D20H059-25D22H003:36,12,36,24,48,24
26D02H046-26D04H010:28,40,40,40
26D02H058-26D03H012:36,12,36,24,48,24
26D04H008-26D07H052:50,15,65,15
26D04H036-26D07H051:60,10,60,24
26D05H054-26D05H057:50,15,65,15
26D06H006-26D09H013:3,25,3,42
26D06H018-26D07H055:20,44,35,44
26D08H006-26D09H020:10,8,24,8
26D10H034-26D13H052:28,40,40,40
26D12H028-26D15H058:45,45,58,45
26D12H041-26D14H008:20,44,35,44
26D14H011-26D17H016:5,5,5,20
26D15H053-26D18H033:28,40,40,40
27D07H039-27D11H035:20,44,35,44
27D07H043-27D10H037:62,33,62,47
27D08H039-27D11H012:36,12,36,24,48,24
27D08H050-27D11H038:50,15,65,15
27D10H004-27D10H018:15,10,15,25,25,25
27D10H050-27D13H028:45,45,58,45
27D13H026-27D17H012:30,5,45,5
27D14H033-27D18H012:28,40,40,40
27D15H059-27D19H053:20,44,35,44
27D16H047-27D20H017:40,30,55,30,55,40
27D18H016-27D18H052:60,10,60,24
27D20H008-27D23H000:3,25,3,42
27D20H018-27D23H037:62,33,62,47
27D21H003-28D00H026:50,15,65,15
27D22H040-27D22H049:9,30,20,30
27D22H059-28D02H049:3,25,3,42
27D23H059-28D02H026:15,10,15,25,25,25
28D00H008-28D03H022:50,15,65,15
28D03H030-28D03H037:50,15,65,15
28D08H041-28D10H018:62,33,62,47
28D08H058-28D12H058:20,44,35,44
28D09H000-28D09H026:50,15,65,15
28D09H051-28D13H012:62,33,62,47
28D10H008-28D13H019:9,30,20,30
28D13H059-28D16H019:10,8,24,8
28D16H050-28D20H023:50,15,65,15
28D17H056-28D18H008:3,25,3,42
28D19H004-28D21H001:50,15,65,15
28D22H051-28D23H012:15,10,15,25,25,25
29D00H010-29D01H018:28,40,40,40
29D00H029-29D02H048:15,10,15,25,25,25
29D02H023-29D02H046:5,5,5,20
29D03H010-29D04H033:30,5,45,5
29D03H029-29D05H025:36,12,36,24,48,24
29D03H058-29D06H045:20,44,35,44
29D06H008-29D09H048:33,20,33,35
29D06H034-29D09H047:60,10,60,24
29D09H028-29D12H002:36,12,36,24,48,24
29D11H022-29D13H014:20,44,35,44
29D12H008-29D14H055:15,10,15,25,25,25
29D13H011-29D15H036:15,10,15,25,25,25
29D13H055-29D15H042:15,10,15,25,25,25
29D15H023-29D17H012:5,5,5,20
29D17H049-29D19H027:15,10,15,25,25,25
29D22H042-29D23H005:9,30,20,30
30D01H035-30D02H015:45,45,58,45
30D03H013-30D06H035:15,10,15,25,25,25
30D03H020-30D06H035:10,8,24,8
30D04H007-30D05H017:10,8,24,8
30D05H054-30D06H031:40,30,55,30,55,40
30D06H041-30D10H032:20,44,35,44
30D08H021-30D11H055:20,44,35,44
30D08H038-30D09H011:62,33,62,47
30D16H051-30D18H041:3,25,3,42
30D19H034-30D21H005:20,44,35,44
30D19H036-30D20H037:20,44,35,44
30D23H058-31D03H004:15,10,15,25,25,25
31D00H036-31D03H015:5,5,5,20
31D00H042-31D02H020:3,25,3,42
31D04H003-31D04H045:30,5,45,5
31D10H035-31D14H002:62,33,62,47
31D12H006-31D12H026:3,25,3,42
31D12H026-31D13H041:3,25,3,42
31D13H052-31D14H048:60,10,60,24
31D14H003-31D16H033:9,30,20,30
31D14H036-31D14H057:20,44,35,44
31D17H001-31D17H059:9,30,20,30
31D18H016-31D20H021:10,8,24,8
31D18H035-31D21H000:36,12,36,24,48,24
31D19H007-31D21H041:36,12,36,24,48,24
31D21H006-31D23H059:40,30,55,30,55,40
31D22H050-31D23H059:28,40,40,40
31D23H007-31D23H059:50,15,65,15
