01D00H011-01D03H005:45,45,58,45
01D01H000-01D01H027:20,44,35,44
01D03H001-01D03H038:3,25,3,42
01D04H002-01D06H057:28,40,40,40
01D06H019-01D06H057:33,20,33,35
01D08H009-01D11H026:15,10,15,25,25,25
01D10H016-01D12H010:5,5,5,20
01D13H013-01D16H019:10,8,24,8
01D15H027-01D17H020:3,25,3,42
01D15H051-01D17H045:30,5,45,5
01D18H009-01D21H047:3,25,3,42
01D20H033-01D22H008:36,12,36,24,48,24
01D21H008-01D23H037:40,30,55,30,55,40
01D21H039-01D21H040:45,45,58,45
01D22H005-02D00H007:50,15,65,15
02D01H013-02D04H032:45,45,58,45
02D01H021-02D02H027:3,25,3,42
02D01H031-02D04H059:45,45,58,45
02D02H002-02D04H007:33,20,33,35
02D03H021-02D05H042:15,10,15,25,25,25
02D04H003-02D07H016:30,5,45,5
02D04H014-02D07H028:36,12,36,24,48,24
02D05H032-02D06H024:33,20,33,35
02D05H034-02D06H043:50,15,65,15
02D07H000-02D08H041:33,20,33,35
02D07H057-02D09H054:30,5,45,5
02D08H030-02D10H056:62,33,62,47
02D11H016-02D12H046:15,10,15,25,25,25
02D11H019-02D13H013:5,5,5,20
02D11H026-02D12H015:45,45,58,45
02D11H027-02D13H039:36,12,36,24,48,24
02D12H022-02D13H055:15,10,15,25,25,25
02D14H028-02D16H017:9,30,20,30
02D14H044-02D17H008:5,5,5,20
02D15H019-02D16H001:36,12,36,24,48,24
02D16H031-02D16H037:36,12,36,24,48,24
02D18H040-02D20H019:30,5,45,5
02D18H043-02D22H042:62,33,62,47
02D18H052-02D22H036:10,8,24,8
02D21H030-02D22H016:3,25,3,42
03D00H026-03D00H046:62,33,62,47
03D05H013-03D06H010:62,33,62,47
03D06H033-03D09H024:30,5,45,5
03D11H038-03D15H002:9,30,20,30
03D14H012-03D17H013:62,33,62,47
03D14H037-03D16H048:28,40,40,40
03D15H027-03D16H020:20,44,35,44
03D15H032-03D17H007:3,25,3,42
03D16H020-03D18H043:3,25,3,42
03D17H031-03D18H023:15,10,15,25,25,25
03D18H006-03D20H055:62,33,62,47
03D19H024-03D20H050:3,25,3,42
03D20H021-03D21H040:50,15,65,15
03D20H049-03D23H050:40,30,55,30,55,40
04D00H003-04D02H028:50,15,65,15
04D01H008-04D03H057:33,20,33,35
04D01H026-04D03H029:15,10,15,25,25,25
04D01H034-04D04H041:10,8,24,8
04D02H044-04D05H052:40,30,55,30,55,40
04D02H050-04D05H010:9,30,20,30
04D04H012-04D05H018:5,5,5,20
04D04H052-04D07H055:50,15,65,15
04D05H052-04D08H005:15,10,15,25,25,25
04D09H055-04D10H025:20,44,35,44
04D10H031-04D10H044:10,8,24,8
04D10H041-04D13H000:40,30,55,30,55,40
04D11H000-04D11H035:3,25,3,42
04D11H048-04D13H011:15,10,15,25,25,25
04D12H000-04D14H046:62,33,62,47
04D13H013-04D16H036:5,5,5,20
04D16H041-04D19H016:33,20,33,35
04D18H007-04D18H013:50,15,65,15
04D19H041-04D20H037:10,8,24,8
04D20H025-04D23H042:3,25,3,42
04D21H052-05D01H016:9,30,20,30
04D22H006-05D00H033:36,12,36,24,48,24
04D23H014-05D02H039:20,44,35,44
04D23H020-05D01H047:5,5,5,20
04D23H043-05D02H053:15,10,15,25,25,25
05D06H000-05D07H015:30,5,45,5
05D06H049-05D07H035:36,12,36,24,48,24
05D07H047-05D10H003:30,5,45,5
05D09H058-05D10H057:28,40,40,40
05D11H055-05D15H031:5,5,5,20
05D14H051-05D16H001:9,30,20,30
05D15H013-05D15H048:40,30,55,30,55,40
05D17H035-05D18H042:9,30,20,30
05D20H044-06D00H027:50,15,65,15
05D21H047-05D22H053:28,40,40,40
05D21H059-05D22H047:62,33,62,47
05D22H000-05D22H036:30,5,45,5
05D22H051-05D23H026:33,20,33,35
06D00H011-06D02H046:10,8,24,8
06D01H046-06D04H015:30,5,45,5
06D02H013-06D04H022:50,15,65,15
06D02H044-06D06H015:60,10,60,24
06D06H039-06D08H050:28,40,40,40
06D07H010-06D09H032:33,20,33,35
06D07H011-06D10H023:62,33,62,47
06D07H044-06D09H031:10,8,24,8
06D08H011-06D09H020:9,30,20,30
06D09H039-06D12H014:20,44,35,44
06D10H023-06D12H004:15,10,15,25,25,25
06D16H025-06D19H003:36,12,36,24,48,24
06D17H005-06D21H001:20,44,35,44
06D17H009-06D18H052:33,20,33,35
06D17H039-06D19H042:33,20,33,35
06D20H000-06D21H044:20,44,35,44
06D20H026-06D23H021:40,30,55,30,55,40
06D23H041-07D01H015:60,10,60,24
06D23H047-07D00H025:5,5,5,20
06D23H057-07D00H024:30,5,45,5
07D01H021-07D02H017:3,25,3,42
07D02H001-07D04H033:60,10,60,24
07D05H025-07D05H038:50,15,65,15
07D06H049-07D10H017:45,45,58,45
07D06H056-07D07H020:60,10,60,24
07D07H054-07D11H043:40,30,55,30,55,40
07D08H014-07D09H023:60,10,60,24
07D09H036-07D10H017:40,30,55,30,55,40
07D10H009-07D12H001:62,33,62,47
07D13H010-07D16H041:28,40,40,40
07D15H008-07D17H004:62,33,62,47
07D19H059-07D23H025:9,30,20,30
07D20H022-08D00H019:45,45,58,45
07D20H048-07D21H034:50,15,65,15
07D21H029-07D21H030:33,20,33,35
07D22H048-08D00H008:30,5,45,5
08D01H031-08D03H051:20,44,35,44
08D02H017-08D05H039:5,5,5,20
08D03H034-08D04H054:33,20,33,35
08D06H001-08D06H017:50,15,65,15
08D06H005-08D06H049:36,12,36,24,48,24
08D07H028-08D11H008:33,20,33,35
08D08H027-08D08H032:20,44,35,44
08D09H035-08D09H047:28,40,40,40
08D09H055-08D12H020:5,5,5,20
08D10H038-08D11H059:30,5,45,5
08D10H040-08D10H041:50,15,65,15
08D13H002-08D13H043:33,20,33,35
08D13H014-08D16H002:40,30,55,30,55,40
08D14H005-08D16H002:60,10,60,24
08D15H004-08D16H044:5,5,5,20
08D15H010-08D17H020:20,44,35,44
08D16H029-08D19H032:5,5,5,20
08D18H007-08D18H023:3,25,3,42
08D18H031-08D21H015:30,5,45,5
08D20H003-08D22H026:28,40,40,40
08D21H011-08D21H012:45,45,58,45
09D01H025-09D02H008:10,8,24,8
09D01H037-09D02H009:60,10,60,24
09D05H056-09D06H004:45,45,58,45
09D09H041-09D10H005:33,20,33,35
09D10H014-09D10H040:3,25,3,42
09D11H048-09D15H015:36,12,36,24,48,24
09D12H010-09D12H040:62,33,62,47
09D14H030-09D16H028:9,30,20,30
09D15H048-09D18H023:20,44,35,44
09D15H058-09D16H055:15,10,15,25,25,25
09D16H034-09D17H010:40,30,55,30,55,40
09D16H042-09D20H023:20,44,35,44
09D18H018-09D21H007:20,44,35,44
09D22H053-10D01H016:28,40,40,40
09D22H058-10D00H007:9,30,20,30
09D23H037-10D02H012:3,25,3,42
10D00H012-10D03H016:36,12,36,24,48,24
10D00H053-10D04H048:20,44,35,44
10D00H056-10D03H018:36,12,36,24,48,24
10D02H058-10D03H049:9,30,20,30
10D04H011-10D06H034:50,15,65,15
10D05H009-10D07H009:60,10,60,24
10D05H030-10D09H024:50,15,65,15
10D05H051-10D08H001:33,20,33,35
10D06H004-10D09H008:5,5,5,20
10D07H000-10D10H039:36,12,36,24,48,24
10D07H033-10D09H025:10,8,24,8
10D09H018-10D11H047:40,30,55,30,55,40
10D09H019-10D10H016:15,10,15,25,25,25
10D10H040-10D11H014:15,10,15,25,25,25
10D12H022-10D15H037:62,33,62,47
10D13H022-10D13H042:15,10,15,25,25,25
10D14H031-10D16H008:5,5,5,20
10D18H003-10D21H042:5,5,5,20
10D18H010-10D18H013:10,8,24,8
10D18H026-10D22H006:30,5,45,5
10D18H033-10D19H004:20,44,35,44
10D18H042-10D19H048:30,5,45,5
10D18H049-10D21H001:30,5,45,5
10D19H020-10D20H038:62,33,62,47
10D20H004-10D20H033:36,12,36,24,48,24
10D20H045-10D22H026:5,5,5,20
10D22H000-11D00H035:60,10,60,24
10D22H032-10D23H049:60,10,60,24
10D22H040-11D00H019:40,30,55,30,55,40
11D00H001-11D01H000:28,40,40,40
11D00H001-11D02H026:10,8,24,8
11D00H030-11D02H052:15,10,15,25,25,25
11D00H045-11D02H007:20,44,35,44
11D03H006-11D04H029:5,5,5,20
11D03H028-11D04H003:33,20,33,35
11D03H041-11D04H009:60,10,60,24
11D06H027-11D07H003:3,25,3,42
11D07H009-11D09H005:45,45,58,45
11D07H028-11D10H019:33,20,33,35
11D07H058-11D10H009:20,44,35,44
11D09H021-11D12H023:36,12,36,24,48,24
11D10H005-11D13H015:30,5,45,5
11D11H040-11D12H054:20,44,35,44
11D12H034-11D13H004:33,20,33,35
11D15H053-11D17H024:20,44,35,44
11D17H010-11D19H024:40,30,55,30,55,40
11D19H005-11D22H048:30,5,45,5
11D19H048-11D21H037:15,10,15,25,25,25
11D20H026-11D23H015:9,30,20,30
11D21H015-11D22H045:10,8,24,8
11D21H037-11D23H023:40,30,55,30,55,40
11D23H035-12D02H021:36,12,36,24,48,24
11D23H043-12D01H021:20,44,35,44
12D02H043-12D04H052:62,33,62,47
12D05H015-12D05H037:60,10,60,24
12D06H007-12D08H009:36,12,36,24,48,24
12D08H031-12D09H058:40,30,55,30,55,40
12D09H008-12D09H048:20,44,35,44
12D09H008-12D09H056:5,5,5,20
12D10H038-12D11H033:30,5,45,5
12D10H054-12D12H005:36,12,36,24,48,24
12D11H017-12D11H036:3,25,3,42
12D12H057-12D15H033:9,30,20,30
12D15H024-12D18H057:20,44,35,44
12D19H033-12D22H025:60,10,60,24
12D20H004-12D21H011:50,15,65,15
12D20H058-12D23H021:3,25,3,42
12D23H002-12D23H025:5,5,5,20
12D23H048-13D01H053:60,10,60,24
13D02H038-13D06H028:30,5,45,5
13D04H052-13D05H042:45,45,58,45
13D06H007-13D08H030:30,5,45,5
13D09H034-13D12H010:10,8,24,8
13D09H034-13D12H035:40,30,55,30,55,40
13D11H036-13D12H002:40,30,55,30,55,40
13D12H012-13D13H016:28,40,40,40
13D14H051-13D15H030:33,20,33,35
13D15H002-13D18H037:60,10,60,24
13D15H005-13D18H047:20,44,35,44
13D17H001-13D19H023:33,20,33,35
13D17H038-13D17H040:45,45,58,45
13D18H030-13D21H048:15,10,15,25,25,25
13D18H039-13D21H050:50,15,65,15
13D19H041-13D23H002:20,44,35,44
13D22H012-14D00H052:33,20,33,35
13D22H040-14D00H012:30,5,45,5
14D05H031-14D06H038:9,30,20,30
14D05H040-14D06H010:36,12,36,24,48,24
14D07H020-14D10H036:20,44,35,44
14D08H011-14D10H021:45,45,58,45
14D08H043-14D11H038:15,10,15,25,25,25
14D09H029-14D11H051:10,8,24,8
14D10H001-14D11H038:15,10,15,25,25,25
14D10H015-14D12H020:36,12,36,24,48,24
14D12H003-14D13H050:62,33,62,47
14D12H039-14D15H057:3,25,3,42
14D13H000-14D16H006:5,5,5,20
14D15H003-14D18H050:62,33,62,47
14D20H022-14D20H030:60,10,60,24
14D22H001-14D22H003:45,45,58,45
14D22H003-15D01H013:10,8,24,8
14D23H027-15D01H022:28,40,40,40
14D23H036-15D02H008:62,33,62,47
14D23H041-14D23H046:30,5,45,5
14D23H053-15D02H018:40,30,55,30,55,40
14D23H055-15D01H042:15,10,15,25,25,25
15D00H044-15D03H021:28,40,40,40
15D02H008-15D04H035:5,5,5,20
15D02H052-15D03H012:10,8,24,8
15D04H000-15D07H044:36,12,36,24,48,24
15D04H018-15D07H006:50,15,65,15
15D04H022-15D07H007:62,33,62,47
15D06H041-15D10H014:5,5,5,20
15D06H054-15D07H019:62,33,62,47
15D07H000-15D08H026:3,25,3,42
15D08H028-15D09H027:5,5,5,20
15D09H004-15D11H014:60,10,60,24
15D11H000-15D11H023:20,44,35,44
15D11H029-15D14H048:28,40,40,40
15D11H047-15D14H010:33,20,33,35
15D12H032-15D14H031:30,5,45,5
15D15H009-15D15H015:40,30,55,30,55,40
15D15H040-15D15H045:33,20,33,35
15D19H030-15D19H055:10,8,24,8
15D19H040-15D23H037:62,33,62,47
15D20H021-15D21H059:62,33,62,47
15D20H024-16D00H006:62,33,62,47
15D22H022-15D23H018:62,33,62,47
15D22H032-16D02H032:20,44,35,44
15D23H020-16D02H033:45,45,58,45
16D00H011-16D00H032:40,30,55,30,55,40
16D00H057-16D03H046:33,20,33,35
16D01H014-16D01H027:36,12,36,24,48,24
16D03H029-16D04H043:15,10,15,25,25,25
16D03H035-16D07H000:62,33,62,47
16D04H036-16D07H002:28,40,40,40
16D09H042-16D10H033:15,10,15,25,25,25
16D11H030-16D13H045:3,25,3,42
16D11H059-16D12H045:3,25,3,42
16D13H051-16D15H000:10,8,24,8
16D15H015-16D18H012:33,20,33,35
16D16H027-16D16H033:40,30,55,30,55,40
16D17H055-16D20H050:20,44,35,44
16D18H005-16D18H058:60,10,60,24
16D18H049-16D20H046:45,45,58,45
16D18H053-16D22H022:5,5,5,20
16D19H057-16D23H003:33,20,33,35
16D20H001-16D20H039:5,5,5,20
16D21H021-16D23H016:33,20,33,35
16D21H031-17D00H017:15,10,15,25,25,25
17D01H032-17D05H012:33,20,33,35
17D02H010-17D05H058:20,44,35,44
17D03H004-17D06H038:15,10,15,25,25,25
17D03H008-17D03H020:62,33,62,47
17D03H044-17D06H007:62,33,62,47
17D04H020-17D05H038:33,20,33,35
17D04H033-17D05H001:3,25,3,42
17D07H031-17D10H041:45,45,58,45
17D12H001-17D14H003:30,5,45,5
17D12H046-17D15H019:10,8,24,8
17D12H059-17D14H023:30,5,45,5
17D14H000-17D14H002:5,5,5,20
17D14H000-17D14H007:36,12,36,24,48,24
17D14H023-17D17H057:5,5,5,20
17D14H031-17D18H029:40,30,55,30,55,40
17D16H040-17D18H026:62,33,62,47
17D16H057-17D19H041:20,44,35,44
17D17H033-17D19H023:60,10,60,24
17D20H004-17D22H040:20,44,35,44
17D20H047-17D22H002:20,44,35,44
17D20H057-17D23H020:3,25,3,42
17D21H006-17D23H017:30,5,45,5
17D23H005-18D01H010:60,10,60,24
17D23H015-18D01H036:50,15,65,15
17D23H052-18D00H007:30,5,45,5
18D01H019-18D03H022:28,40,40,40
18D01H033-18D03H057:45,45,58,45
18D03H049-18D05H044:33,20,33,35
18D04H030-18D06H005:28,40,40,40
18D06H006-18D06H022:40,30,55,30,55,40
18D06H025-18D08H015:9,30,20,30
18D06H035-18D08H047:50,15,65,15
18D06H051-18D10H036:5,5,5,20
18D06H056-18D07H038:50,15,65,15
18D08H049-18D09H045:60,10,60,24
18D09H010-18D09H013:40,30,55,30,55,40
18D09H022-18D12H021:5,5,5,20
18D09H058-18D10H039:40,30,55,30,55,40
18D11H019-18D11H024:50,15,65,15
18D14H040-18D17H007:15,10,15,25,25,25
18D14H041-18D17H015:45,45,58,45
18D15H054-18D18H014:15,10,15,25,25,25
18D17H009-18D18H031:10,8,24,8
18D17H046-18D20H031:60,10,60,24
18D18H011-18D18H031:60,10,60,24
18D22H013-18D23H054:20,44,35,44
18D23H033-19D01H042:33,20,33,35
19D03H000-19D04H008:60,10,60,24
19D03H044-19D06H029:50,15,65,15
19D04H031-19D04H044:5,5,5,20
19D06H052-19D07H049:28,40,40,40
19D08H019-19D10H004:50,15,65,15
19D09H011-19D11H039:20,44,35,44
19D09H038-19D10H042:50,15,65,15
19D13H000-19D16H029:10,8,24,8
19D16H011-19D17H018:45,45,58,45
19D18H057-19D19H054:9,30,20,30
19D19H007-19D22H036:40,30,55,30,55,40
19D19H009-19D21H025:10,8,24,8
19D20H027-19D20H032:10,8,24,8
19D21H050-20D00H042:5,5,5,20
19D22H027-19D23H040:3,25,3,42
20D01H008-20D01H034:60,10,60,24
20D02H037-20D04H050:36,12,36,24,48,24
20D02H039-20D04H017:40,30,55,30,55,40
20D06H032-20D10H007:40,30,55,30,55,40
20D09H001-20D09H032:30,5,45,5
20D12H017-20D13H032:20,44,35,44
20D13H055-20D16H010:30,5,45,5
20D16H003-20D16H035:33,20,33,35
20D17H004-20D17H044:45,45,58,45
20D17H008-20D18H003:50,15,65,15
20D18H032-20D19H016:9,30,20,30
20D18H036-20D19H049:60,10,60,24
20D18H059-20D21H013:3,25,3,42
20D19H034-20D21H026:36,12,36,24,48,24
20D21H013-20D23H003:33,20,33,35
21D00H048-21D02H002:9,30,20,30
21D02H010-21D05H038:33,20,33,35
21D02H031-21D04H005:20,44,35,44
21D02H041-21D02H044:3,25,3,42
21D03H048-21D06H049:5,5,5,20
21D04H031-21D05H002:3,25,3,42
21D05H042-21D07H038:36,12,36,24,48,24
21D05H059-21D07H029:60,10,60,24
21D08H003-21D09H018:50,15,65,15
21D10H017-21D13H019:5,5,5,20
21D11H034-21D14H042:9,30,20,30
21D13H026-21D17H021:30,5,45,5
21D14H043-21D15H029:45,45,58,45
21D15H006-21D15H030:40,30,55,30,55,40
21D18H026-21D20H043:9,30,20,30
21D20H012-21D22H010:5,5,5,20
21D21H041-22D00H052:50,15,65,15
21D23H030-22D02H018:3,25,3,42
22D00H034-22D00H044:33,20,33,35
22D02H023-22D05H037:20,44,35,44
22D02H036-22D05H013:40,30,55,30,55,40
22D05H046-22D05H058:60,10,60,24
22D07H049-22D08H049:30,5,45,5
22D09H003-22D10H003:10,8,24,8
22D10H052-22D11H013:40,30,55,30,55,40
22D10H057-22D12H059:5,5,5,20
22D11H043-22D15H038:10,8,24,8
22D12H009-22D15H003:50,15,65,15
22D13H029-22D14H058:36,12,36,24,48,24
22D15H047-22D19H023:36,12,36,24,48,24
22D16H041-22D17H014:20,44,35,44
22D16H052-22D20H015:50,15,65,15
22D17H041-22D19H022:5,5,5,20
22D19H042-22D22H049:28,40,40,40
22D21H013-22D21H042:33,20,33,35
23D00H002-23D00H052:15,10,15,25,25,25
23D01H027-23D04H054:28,40,40,40
23D01H039-23D03H057:30,5,45,5
23D02H056-23D05H054:36,12,36,24,48,24
23D08H011-23D11H026:3,25,3,42
23D09H049-23D13H017:9,30,20,30
23D12H033-23D13H052:3,25,3,42
23D13H032-23D13H046:5,5,5,20
23D14H044-23D16H028:28,40,40,40
23D15H043-23D18H008:3,25,3,42
23D16H011-23D18H033:30,5,45,5
23D16H042-23D16H056:15,10,15,25,25,25
23D17H036-23D18H050:50,15,65,15
23D18H027-23D18H050:28,40,40,40
23D18H043-23D18H055:60,10,60,24
23D19H057-23D21H030:10,8,24,8
23D21H049-23D22H013:15,10,15,25,25,25
23D23H028-24D01H039:60,10,60,24
24D00H022-24D03H019:33,20,33,35
24D00H037-24D01H002:60,10,60,24
24D00H056-24D03H008:10,8,24,8
24D02H015-24D05H044:28,40,40,40
24D03H044-24D05H027:15,10,15,25,25,25
24D04H020-24D04H033:20,44,35,44
24D07H003-24D07H043:5,5,5,20
24D07H024-24D09H057:9,30,20,30
24D08H039-24D08H045:10,8,24,8
24D10H021-24D11H030:3,25,3,42
24D11H030-24D15H006:36,12,36,24,48,24
24D12H046-24D14H053:15,10,15,25,25,25
24D13H043-24D16H016:50,15,65,15
24D13H050-24D14H044:50,15,65,15
24D14H009-24D15H024:30,5,45,5
24D14H009-24D17H048:50,15,65,15
24D16H000-24D19H054:15,10,15,25,25,25
24D16H026-24D16H040:28,40,40,40
24D18H033-24D21H009:20,44,35,44
24D22H054-24D23H052:36,12,36,24,48,24
25D00H024-25D01H035:50,15,65,15
25D00H035-25D01H030:45,45,58,45
25D00H045-25D02H057:45,45,58,45
25D00H052-25D00H054:30,5,45,5
25D01H026-25D01H040:20,44,35,44
25D03H030-25D07H020:50,15,65,15
25D03H044-25D05H018:40,30,55,30,55,40
25D04H028-25D06H039:9,30,20,30
25D04H053-25D07H009:60,10,60,24
25D05H000-25D06H041:62,33,62,47
25D05H056-25D07H002:50,15,65,15
25D06H051-25D10H034:9,30,20,30
25D10H021-25D11H003:62,33,62,47
25D10H043-25D12H051:9,30,20,30
25D10H044-25D13H004:5,5,5,20
25D10H045-25D11H026:3,25,3,42
25D11H003-25D14H029:10,8,24,8
25D11H036-25D13H059:5,5,5,20
25D12H005-25D13H018:10,8,24,8
25D16H024-25D16H028:62,33,62,47
25D17H023-25D21H005:50,15,65,15
25D18H014-25D19H034:62,33,62,47
25D22H029-26D01H020:60,10,60,24
25D23H045-26D03H041:45,45,58,45
26D01H053-26D02H052:20,44,35,44
26D02H014-26D06H006:62,33,62,47
26D04H000-26D06H058:62,33,62,47
26D04H044-26D06H010:15,10,15,25,25,25
26D05H031-26D08H049:10,8,24,8
26D06H012-26D07H035:20,44,35,44
26D08H020-26D10H057:20,44,35,44
26D11H031-26D12H015:9,30,20,30
26D13H050-26D16H033:3,25,3,42
26D13H051-26D17H037:62,33,62,47
26D14H053-26D18H048:33,20,33,35
26D16H053-26D17H040:33,20,33,35
26D18H018-26D22H010:60,10,60,24
26D18H044-26D20H045:45,45,58,45
26D18H059-26D19H047:3,25,3,42
26D19H024-26D22H045:33,20,33,35
26D19H031-26D21H056:10,8,24,8
26D19H052-26D22H034:9,30,20,30
26D19H056-26D23H022:40,30,55,30,55,40
26D20H013-26D21H020:50,15,65,15
26D20H056-27D00H003:62,33,62,47
26D21H023-27D01H018:40,30,55,30,55,40
26D22H001-26D23H038:9,30,20,30
26D22H010-27D01H045:15,10,15,25,25,25
26D22H014-27D00H034:20,44,35,44
26D22H016-27D00H051:28,40,40,40
27D00H006-27D03H031:36,12,36,24,48,24
27D00H050-27D02H035:3,25,3,42
27D02H009-27D04H023:30,5,45,5
27D02H013-27D05H022:40,30,55,30,55,40
27D02H059-27D03H039:60,10,60,24
27D03H027-27D03H059:5,5,5,20
27D04H045-27D08H044:36,12,36,24,48,24
27D07H044-27D09H015:9,30,20,30
27D10H003-27D13H001:33,20,33,35
27D10H008-27D10H035:5,5,5,20
27D10H017-27D13H004:36,12,36,24,48,24
27D11H022-27D12H027:40,30,55,30,55,40
27D11H053-27D13H004:20,44,35,44
27D12H005-27D13H018:50,15,65,15
27D16H007-27D20H007:20,44,35,44
27D19H014-27D20H022:33,20,33,35
27D20H018-27D22H057:28,40,40,40
27D20H043-27D22H016:60,10,60,24
27D20H059-27D21H000:9,30,20,30
27D21H031-27D23H029:33,20,33,35
27D21H056-27D23H047:62,33,62,47
27D22H035-27D23H050:50,15,65,15
27D22H046-27D22H048:36,12,36,24,48,24
27D22H049-27D22H052:15,10,15,25,25,25
27D23H031-28D01H019:15,10,15,25,25,25
28D02H004-28D04H056:45,45,58,45
28D03H054-28D07H030:20,44,35,44
28D04H004-28D06H007:15,10,15,25,25,25
28D04H016-28D05H046:20,44,35,44
28D06H048-28D09H015:9,30,20,30
28D09H024-28D10H031:60,10,60,24
28D10H053-28D13H032:10,8,24,8
28D10H058-28D12H018:5,5,5,20
28D13H053-28D14H009:36,12,36,24,48,24
28D16H007-28D19H034:9,30,20,30
28D16H032-28D16H058:62,33,62,47
28D17H032-28D18H017:33,20,33,35
28D19H032-28D22H011:62,33,62,47
28D21H019-29D00H024:33,20,33,35
28D22H007-28D23H012:62,33,62,47
28D23H052-29D01H036:60,10,60,24
29D00H040-29D03H033:60,10,60,24
29D00H042-29D02H008:62,33,62,47
29D01H031-29D02H051:20,44,35,44
29D02H033-29D05H005:10,8,24,8
29D02H035-29D05H036:45,45,58,45
29D03H049-29D06H017:36,12,36,24,48,24
29D05H001-29D06H013:62,33,62,47
29D06H003-29D08H046:15,10,15,25,25,25
29D09H021-29D11H054:50,15,65,15
29D13H011-29D15H048:30,5,45,5
29D13H028-29D15H023:50,15,65,15
29D13H032-29D15H050:10,8,24,8
29D14H008-29D14H039:62,33,62,47
29D14H037-29D18H030:9,30,20,30
29D14H056-29D15H056:45,45,58,45
29D17H029-29D18H004:36,12,36,24,48,24
29D19H016-29D20H012:3,25,3,42
29D19H056-29D23H055:40,30,55,30,55,40
29D21H024-30D00H029:40,30,55,30,55,40
29D22H019-30D01H025:28,40,40,40
30D01H012-30D04H016:15,10,15,25,25,25
30D03H045-30D06H047:10,8,24,8
30D05H031-30D07H038:10,8,24,8
30D06H057-30D09H044:15,10,15,25,25,25
30D07H032-30D08H017:33,20,33,35
30D09H012-30D09H029:50,15,65,15
30D09H022-30D11H041:3,25,3,42
30D09H030-30D13H016:15,10,15,25,25,25
30D10H023-30D13H051:50,15,65,15
30D11H036-30D15H009:60,10,60,24
30D12H009-30D12H047:60,10,60,24
30D12H059-30D14H052:40,30,55,30,55,40
30D13H002-30D13H042:3,25,3,42
30D13H009-30D16H058:10,8,24,8
30D13H022-30D17H019:30,5,45,5
30D14H047-30D16H000:9,30,20,30
30D16H016-30D18H022:10,8,24,8
30D20H010-30D22H000:30,5,45,5
31D00H020-31D00H047:9,30,20,30
31D01H016-31D02H009:62,33,62,47
31D02H054-31D03H018:33,20,33,35
31D03H013-31D04H052:15,10,15,25,25,25
31D04H047-31D07H005:33,20,33,35
31D05H015-31D07H025:45,45,58,45
31D06H009-31D09H046:60,10,60,24
31D06H043-31D06H055:36,12,36,24,48,24
31D08H035-31D10H005:50,15,65,15
31D09H033-31D09H039:50,15,65,15
31D10H010-31D11H035:3,25,3,42
31D10H040-31D12H027:10,8,24,8
31D10H053-31D12H050:30,5,45,5
31D11H028-31D14H020:5,5,5,20
31D11H048-31D13H010:40,30,55,30,55,40
31D14H013-31D15H039:33,20,33,35
31D16H055-31D19H041:30,5,45,5
31D20H048-31D21H012:3,25,3,42
31D21H017-31D21H034:60,10,60,24
31D22H044-31D23H059:62,33,62,47
