01D02H017-01D03H019:10,8,24,8
01D02H019-01D03H010:33,20,33,35
01D03H007-01D06H044:60,10,60,24
01D04H053-01D07H026:45,45,58,45
01D05H023-01D07H036:62,33,62,47
01D07H036-01D11H008:62,33,62,47
01D07H041-01D10H036:45,45,58,45
01D10H004-01D13H006:60,10,60,24
01D11H022-01D11H054:9,30,20,30
01D11H040-01D13H050:50,15,65,15
01D11H045-01D13H003:30,5,45,5
01D11H048-01D12H011:50,15,65,15
01D12H010-01D14H026:30,5,45,5
01D13H038-01D14H026:28,40,40,40
01D16H029-01D17H036:30,5,45,5
01D17H027-01D19H009:33,20,33,35
01D17H051-01D19H013:10,8,24,8
01D20H037-01D21H038:5,5,5,20
01D21H001-02D00H021:50,15,65,15
01D22H056-02D02H006:50,15,65,15
02D00H000-02D02H013:28,40,40,40
02D00H019-02D03H030:10,8,24,8
02D01H017-02D01H050:9,30,20,30
02D02H012-02D04H009:36,12,36,24,48,24
02D02H028-02D06H001:28,40,40,40
02D02H037-02D04H026:36,12,36,24,48,24
02D03H047-02D06H023:30,5,45,5
02D06H019-02D08H019:62,33,62,47
02D06H051-02D07H017:62,33,62,47
02D08H026-02D08H038:28,40,40,40
02D13H008-02D14H033:10,8,24,8
02D13H014-02D16H024:33,20,33,35
02D14H054-02D15H047:62,33,62,47
02D15H035-02D19H027:30,5,45,5
02D16H017-02D18H000:28,40,40,40
02D16H038-02D20H018:50,15,65,15
02D16H042-02D18H035:3,25,3,42
02D17H004-02D19H030:15,10,15,25,25,25
02D19H008-02D21H005:30,5,45,5
02D20H040-02D23H005:9,30,20,30
02D20H044-02D23H011:28,40,40,40
02D21H020-02D23H004:40,30,55,30,55,40
02D22H042-03D01H022:3,25,3,42
02D23H021-03D03H008:5,5,5,20
03D00H028-03D02H022:60,10,60,24
03D01H022-03D01H050:28,40,40,40
03D01H034-03D05H012:10,8,24,8
03D03H017-03D04H008:5,5,5,20
03D04H009-03D04H055:62,33,62,47
03D06H013-03D06H016:20,44,35,44
03D06H057-03D08H037:30,5,45,5
03D12H020-03D14H006:9,30,20,30
03D13H009-03D16H029:10,8,24,8
03D14H055-03D15H000:28,40,40,40
03D15H009-03D15H023:50,15,65,15
03D16H005-03D18H040:40,30,55,30,55,40
03D16H045-03D20H029:36,12,36,24,48,24
03D17H039-03D19H026:33,20,33,35
03D17H052-03D18H006:33,20,33,35
03D17H056-03D20H011:20,44,35,44
03D19H054-03D21H052:45,45,58,45
03D20H016-03D23H007:50,15,65,15
03D20H035-03D22H012:62,33,62,47
03D21H002-04D00H011:30,5,45,5
03D21H040-03D23H009:45,45,58,45
03D22H012-04D02H007:50,15,65,15
04D00H008-04D02H009:36,12,36,24,48,24
04D00H012-04D03H046:20,44,35,44
04D01H026-04D03H023:9,30,20,30
04D01H054-04D03H050:50,15,65,15
04D03H045-04D04H039:50,15,65,15
04D04H038-04D07H033:36,12,36,24,48,24
04D06H051-04D08H039:3,25,3,42
04D07H009-04D09H023:60,10,60,24
04D07H031-04D08H023:28,40,40,40
04D08H001-04D09H022:5,5,5,20
04D08H006-04D11H001:5,5,5,20
04D08H055-04D09H007:28,40,40,40
04D09H038-04D13H019:5,5,5,20
04D09H054-04D13H050:30,5,45,5
04D10H028-04D14H000:15,10,15,25,25,25
04D10H043-04D13H054:33,20,33,35
04D12H007-04D15H012:5,5,5,20
04D13H013-04D15H015:9,30,20,30
04D15H020-04D18H034:15,10,15,25,25,25
04D16H034-04D18H006:30,5,45,5
04D16H042-04D19H003:15,10,15,25,25,25
04D17H023-04D20H046:10,8,24,8
04D17H030-04D18H005:36,12,36,24,48,24
04D18H001-04D19H013:3,25,3,42
04D18H006-04D21H001:9,30,20,30
04D19H025-04D21H042:3,25,3,42
04D20H015-04D20H029:30,5,45,5
04D20H050-04D23H019:62,33,62,47
04D21H038-05D00H015:45,45,58,45
04D22H025-05D01H024:36,12,36,24,48,24
04D22H032-04D22H035:62,33,62,47
05D01H033-05D02H046:15,10,15,25,25,25
05D03H033-05D06H025:40,30,55,30,55,40
05D05H046-05D07H000:20,44,35,44
05D06H008-05D08H038:60,10,60,24
05D07H007-05D10H058:40,30,55,30,55,40
05D08H027-05D10H043:36,12,36,24,48,24
05D10H019-05D12H031:20,44,35,44
05D10H031-05D11H015:36,12,36,24,48,24
05D12H045-05D13H024:5,5,5,20
05D14H051-05D17H005:9,30,20,30
05D14H059-05D15H023:28,40,40,40
05D16H022-05D17H007:62,33,62,47
05D16H046-05D18H023:5,5,5,20
05D17H058-05D20H038:40,30,55,30,55,40
05D19H023-05D19H037:33,20,33,35
05D19H038-05D22H004:3,25,3,42
05D20H041-05D22H038:28,40,40,40
05D21H022-05D23H046:60,10,60,24
05D21H055-05D23H045:28,40,40,40
05D22H023-05D23H010:30,5,45,5
05D22H040-05D23H054:36,12,36,24,48,24
05D23H034-06D02H010:9,30,20,30
05D23H051-06D02H039:62,33,62,47
06D00H042-06D02H015:20,44,35,44
06D01H049-06D03H057:10,8,24,8
06D05H050-06D06H018:3,25,3,42
06D05H051-06D09H015:28,40,40,40
06D06H045-06D08H004:3,25,3,42
06D07H008-06D10H045:40,30,55,30,55,40
06D09H046-06D10H011:50,15,65,15
06D13H046-06D14H033:45,45,58,45
06D14H027-06D16H047:36,12,36,24,48,24
06D14H048-06D18H003:45,45,58,45
06D15H029-06D16H053:33,20,33,35
06D16H021-06D19H037:9,30,20,30
06D18H055-06D20H050:62,33,62,47
06D20H055-06D23H003:9,30,20,30
06D22H003-07D00H028:33,20,33,35
06D23H038-06D23H059:36,12,36,24,48,24
06D23H058-07D03H028:50,15,65,15
07D02H001-07D05H025:15,10,15,25,25,25
07D03H052-07D04H007:3,25,3,42
07D04H006-07D06H023:5,5,5,20
07D04H056-07D05H003:60,10,60,24
07D05H053-07D09H021:15,10,15,25,25,25
07D06H017-07D07H043:40,30,55,30,55,40
07D07H036-07D08H057:62,33,62,47
07D11H015-07D11H033:60,10,60,24
07D11H046-07D12H031:15,10,15,25,25,25
07D12H033-07D15H013:50,15,65,15
07D17H028-07D19H032:3,25,3,42
07D19H033-07D22H044:33,20,33,35
07D19H051-07D23H039:5,5,5,20
07D21H047-08D01H023:28,40,40,40
07D21H059-08D00H047:62,33,62,47
08D01H021-08D04H030:15,10,15,25,25,25
08D02H013-08D05H052:10,8,24,8
08D04H041-08D07H026:40,30,55,30,55,40
08D07H028-08D09H034:33,20,33,35
08D08H017-08D11H057:36,12,36,24,48,24
08D09H001-08D12H033:15,10,15,25,25,25
08D11H009-08D14H019:10,8,24,8
08D12H021-08D16H001:36,12,36,24,48,24
08D15H014-08D16H012:10,8,24,8
08D15H034-08D18H030:45,45,58,45
08D16H000-08D19H034:5,5,5,20
08D22H025-09D02H024:40,30,55,30,55,40
08D23H019-08D23H044:60,10,60,24
09D00H035-09D03H039:15,10,15,25,25,25
09D01H024-09D04H035:40,30,55,30,55,40
09D01H036-09D05H033:10,8,24,8
09D03H033-09D07H012:9,30,20,30
09D06H028-09D08H003:28,40,40,40
09D08H037-09D11H048:9,30,20,30
09D09H039-09D12H038:33,20,33,35
09D09H047-09D12H040:3,25,3,42
09D10H049-09D14H030:60,10,60,24
09D11H019-09D12H038:62,33,62,47
09D14H007-09D17H012:45,45,58,45
09D15H055-09D16H005:10,8,24,8
09D17H000-09D17H007:62,33,62,47
09D17H036-09D18H059:15,10,15,25,25,25
09D19H026-09D22H029:50,15,65,15
09D19H027-09D20H025:30,5,45,5
09D20H031-09D22H038:9,30,20,30
09D21H011-09D23H021:60,10,60,24
09D23H007-10D00H011:5,5,5,20
09D23H043-10D01H027:60,10,60,24
09D23H046-10D03H036:30,5,45,5
10D00H035-10D02H053:9,30,20,30
10D04H016-10D06H052:50,15,65,15
10D05H023-10D09H009:30,5,45,5
10D11H010-10D14H019:30,5,45,5
10D11H048-10D12H049:33,20,33,35
10D12H007-10D12H022:3,25,3,42
10D13H034-10D17H028:45,45,58,45
10D14H017-10D17H052:36,12,36,24,48,24
10D14H025-10D16H024:3,25,3,42
10D14H035-10D16H020:3,25,3,42
10D16H018-10D19H006:10,8,24,8
10D16H020-10D19H002:36,12,36,24,48,24
10D16H056-10D17H042:5,5,5,20
10D17H004-10D19H051:40,30,55,30,55,40
10D17H041-10D18H000:50,15,65,15
10D17H052-10D19H044:50,15,65,15
10D18H030-10D19H008:3,25,3,42
10D19H001-10D19H012:9,30,20,30
10D22H037-11D00H017:62,33,62,47
10D23H009-11D01H004:50,15,65,15
10D23H023-11D00H031:50,15,65,15
10D23H043-11D00H012:15,10,15,25,25,25
11D01H023-11D01H041:30,5,45,5
11D03H030-11D04H050:33,20,33,35
11D06H046-11D07H002:5,5,5,20
11D09H016-11D10H022:28,40,40,40
11D09H055-11D12H014:62,33,62,47
11D09H057-11D13H025:15,10,15,25,25,25
11D12H008-11D15H033:10,8,24,8
11D14H001-11D15H051:10,8,24,8
11D15H020-11D16H056:28,40,40,40
11D16H004-11D19H029:40,30,55,30,55,40
11D18H059-11D21H044:20,44,35,44
11D19H027-11D22H058:36,12,36,24,48,24
11D19H032-11D20H015:30,5,45,5
11D19H052-11D20H006:36,12,36,24,48,24
11D20H007-11D23H005:15,10,15,25,25,25
11D20H036-11D21H038:9,30,20,30
11D21H051-12D01H001:50,15,65,15
11D22H007-12D00H013:50,15,65,15
11D22H057-12D01H017:20,44,35,44
11D23H057-12D02H004:3,25,3,42
12D00H034-12D03H017:36,12,36,24,48,24
12D04H016-12D07H030:3,25,3,42
12D07H010-12D08H038:62,33,62,47
12D07H017-12D10H049:5,5,5,20
12D09H011-12D11H026:5,5,5,20
12D09H048-12D12H012:15,10,15,25,25,25
12D10H024-12D11H041:10,8,24,8
12D11H036-12D15H011:20,44,35,44
12D12H003-12D13H046:45,45,58,45
12D15H018-12D15H040:3,25,3,42
12D16H001-12D16H008:40,30,55,30,55,40
12D16H004-12D19H023:20,44,35,44
12D16H039-12D19H058:33,20,33,35
12D17H006-12D19H001:9,30,20,30
12D18H017-12D20H028:33,20,33,35
12D18H030-12D21H012:60,10,60,24
12D20H040-13D00H014:33,20,33,35
12D21H010-12D23H016:40,30,55,30,55,40
12D22H033-12D23H059:28,40,40,40
13D00H050-13D02H020:3,25,3,42
13D02H047-13D06H007:40,30,55,30,55,40
13D04H004-13D07H011:36,12,36,24,48,24
13D04H054-13D08H034:50,15,65,15
13D05H055-13D06H032:33,20,33,35
13D06H035-13D08H051:15,10,15,25,25,25
13D06H040-13D08H007:9,30,20,30
13D07H014-13D08H052:33,20,33,35
13D07H029-13D08H047:62,33,62,47
13D07H059-13D08H018:3,25,3,42
13D08H011-13D08H037:60,10,60,24
13D08H044-13D09H027:15,10,15,25,25,25
13D10H003-13D12H031:36,12,36,24,48,24
13D10H019-13D11H033:10,8,24,8
13D10H053-13D14H016:60,10,60,24
13D12H037-13D14H043:10,8,24,8
13D12H051-13D15H025:45,45,58,45
13D13H058-13D15H038:5,5,5,20
13D14H018-13D16H038:15,10,15,25,25,25
13D14H025-13D16H025:20,44,35,44
13D17H049-13D19H052:62,33,62,47
13D18H006-13D20H044:33,20,33,35
13D18H059-13D19H053:10,8,24,8
13D19H013-13D23H012:5,5,5,20
13D20H000-13D21H031:62,33,62,47
13D20H009-13D21H046:9,30,20,30
13D20H039-13D23H031:10,8,24,8
13D22H017-14D02H017:30,5,45,5
13D22H052-14D00H050:62,33,62,47
13D23H035-14D00H053:50,15,65,15
14D00H053-14D03H054:9,30,20,30
14D02H016-14D04H014:9,30,20,30
14D02H034-14D06H005:15,10,15,25,25,25
14D07H024-14D09H034:9,30,20,30
14D08H010-14D09H059:40,30,55,30,55,40
14D10H040-14D13H008:28,40,40,40
14D12H019-14D14H055:20,44,35,44
14D12H022-14D14H000:45,45,58,45
14D13H033-14D15H021:45,45,58,45
14D16H020-14D17H037:28,40,40,40
14D16H041-14D17H059:45,45,58,45
14D18H032-14D20H001:36,12,36,24,48,24
14D21H037-15D01H028:36,12,36,24,48,24
14D21H052-14D22H030:28,40,40,40
14D21H053-14D22H032:5,5,5,20
14D22H014-14D23H017:3,25,3,42
14D23H051-15D00H049:30,5,45,5
15D01H043-15D02H043:5,5,5,20
15D02H049-15D06H038:28,40,40,40
15D03H005-15D04H033:10,8,24,8
15D04H019-15D06H055:62,33,62,47
15D11H001-15D12H027:33,20,33,35
15D11H045-15D15H007:10,8,24,8
15D12H006-15D15H026:45,45,58,45
15D12H021-15D14H031:62,33,62,47
15D12H035-15D13H020:45,45,58,45
15D14H033-15D15H039:62,33,62,47
15D15H025-15D16H003:36,12,36,24,48,24
15D15H026-15D18H013:9,30,20,30
15D16H041-15D16H045:9,30,20,30
15D18H005-15D19H023:15,10,15,25,25,25
15D20H001-15D22H022:9,30,20,30
15D20H014-15D21H052:5,5,5,20
15D20H037-15D22H003:33,20,33,35
15D21H057-16D01H000:20,44,35,44
15D22H059-16D00H031:15,10,15,25,25,25
16D01H035-16D05H027:28,40,40,40
16D06H000-16D09H059:36,12,36,24,48,24
16D07H014-16D08H041:10,8,24,8
16D07H017-16D10H038:20,44,35,44
16D07H032-16D09H010:33,20,33,35
16D08H035-16D09H036:45,45,58,45
16D10H035-16D13H059:20,44,35,44
16D12H001-16D15H021:20,44,35,44
16D13H004-16D16H006:60,10,60,24
16D13H015-16D16H008:50,15,65,15
16D14H022-16D16H039:50,15,65,15
16D14H031-16D17H035:15,10,15,25,25,25
16D15H005-16D18H004:28,40,40,40
16D17H002-16D18H010:20,44,35,44
16D18H021-16D20H004:9,30,20,30
16D18H031-16D22H004:33,20,33,35
16D18H056-16D19H004:3,25,3,42
16D20H011-16D20H051:5,5,5,20
16D22H050-16D23H018:33,20,33,35
17D01H001-17D04H006:45,45,58,45
17D01H015-17D02H027:30,5,45,5
17D04H040-17D07H035:30,5,45,5
17D04H057-17D05H018:3,25,3,42
17D04H059-17D08H038:3,25,3,42
17D06H012-17D10H010:36,12,36,24,48,24
17D06H046-17D07H033:28,40,40,40
17D07H012-17D11H011:62,33,62,47
17D07H058-17D11H028:33,20,33,35
17D11H007-17D12H034:60,10,60,24
17D12H027-17D13H029:62,33,62,47
17D12H036-17D14H019:33,20,33,35
17D13H055-17D16H027:20,44,35,44
17D15H017-17D16H020:20,44,35,44
17D15H046-17D16H032:36,12,36,24,48,24
17D16H018-17D17H005:50,15,65,15
17D17H006-17D17H010:5,5,5,20
17D18H016-17D18H034:62,33,62,47
17D18H041-17D22H011:60,10,60,24
17D18H054-17D18H055:40,30,55,30,55,40
17D19H010-17D19H026:28,40,40,40
17D19H020-17D22H052:28,40,40,40
17D19H037-17D19H050:20,44,35,44
17D20H021-17D23H045:33,20,33,35
17D20H054-17D22H012:45,45,58,45
17D23H012-17D23H018:3,25,3,42
18D00H028-18D02H056:36,12,36,24,48,24
18D02H000-18D04H026:15,10,15,25,25,25
18D02H048-18D04H036:5,5,5,20
18D03H045-18D06H046:10,8,24,8
18D04H010-18D08H007:20,44,35,44
18D04H040-18D05H042:15,10,15,25,25,25
18D06H006-18D08H001:50,15,65,15
18D08H041-18D09H014:20,44,35,44
18D08H042-18D09H054:60,10,60,24
18D09H005-18D11H004:5,5,5,20
18D09H038-18D13H012:20,44,35,44
18D12H009-18D13H025:15,10,15,25,25,25
18D12H022-18D15H039:9,30,20,30
18D14H002-18D17H021:9,30,20,30
18D18H031-18D20H056:15,10,15,25,25,25
18D18H058-18D19H038:20,44,35,44
18D21H054-18D22H031:10,8,24,8
18D22H030-19D00H030:28,40,40,40
19D01H048-19D05H025:62,33,62,47
19D04H006-19D05H039:15,10,15,25,25,25
19D04H028-19D06H041:28,40,40,40
19D04H040-19D05H033:9,30,20,30
19D05H048-19D07H043:20,44,35,44
19D06H044-19D09H043:62,33,62,47
19D08H016-19D10H028:28,40,40,40
19D11H036-19D15H019:10,8,24,8
19D12H008-19D14H000:20,44,35,44
19D12H033-19D16H019:3,25,3,42
19D13H044-19D15H018:50,15,65,15
19D16H056-19D17H034:40,30,55,30,55,40
19D18H048-19D21H005:45,45,58,45
19D19H058-19D20H044:28,40,40,40
19D20H036-19D23H049:60,10,60,24
19D21H006-20D00H051:20,44,35,44
19D22H000-20D01H016:28,40,40,40
20D02H043-20D06H006:60,10,60,24
20D03H013-20D06H024:9,30,20,30
20D03H032-20D05H008:50,15,65,15
20D04H014-20D04H034:62,33,62,47
20D04H017-20D06H039:28,40,40,40
20D04H019-20D04H056:40,30,55,30,55,40
20D07H047-20D10H012:62,33,62,47
20D08H009-20D10H041:50,15,65,15
20D08H050-20D11H000:3,25,3,42
20D09H050-20D11H036:36,12,36,24,48,24
20D11H051-20D13H001:40,30,55,30,55,40
20D15H013-20D17H029:40,30,55,30,55,40
20D19H040-20D21H038:28,40,40,40
20D22H009-21D01H020:28,40,40,40
20D22H045-21D01H016:10,8,24,8
20D23H056-21D02H013:50,15,65,15
21D05H031-21D07H026:15,10,15,25,25,25
21D10H035-21D12H052:10,8,24,8
21D10H047-21D14H036:50,15,65,15
21D12H058-21D16H043:9,30,20,30
21D13H037-21D15H009:36,12,36,24,48,24
21D17H026-21D18H018:10,8,24,8
21D21H028-21D23H001:9,30,20,30
22D00H019-22D03H000:50,15,65,15
22D02H031-22D06H005:10,8,24,8
22D03H010-22D03H034:33,20,33,35
22D04H057-22D06H031:62,33,62,47
22D07H037-22D09H001:33,20,33,35
22D07H043-22D08H014:50,15,65,15
22D09H003-22D09H046:30,5,45,5
22D09H024-22D12H058:40,30,55,30,55,40
22D09H033-22D12H054:62,33,62,47
22D10H035-22D13H024:3,25,3,42
22D10H038-22D11H034:9,30,20,30
22D10H041-22D10H056:5,5,5,20
22D14H056-22D18H009:28,40,40,40
22D16H047-22D17H058:10,8,24,8
22D17H040-22D20H025:5,5,5,20
22D19H056-22D20H021:5,5,5,20
22D20H051-22D21H045:33,20,33,35
22D22H038-23D00H010:3,25,3,42
22D23H033-23D01H042:5,5,5,20
22D23H041-23D02H051:20,44,35,44
23D00H028-23D03H042:60,10,60,24
23D01H015-23D04H003:15,10,15,25,25,25
23D01H038-23D03H022:9,30,20,30
23D01H047-23D04H003:28,40,40,40
23D02H017-23D03H006:62,33,62,47
23D02H019-23D04H035:3,25,3,42
23D02H026-23D02H058:50,15,65,15
23D08H058-23D11H051:36,12,36,24,48,24
23D09H024-23D09H050:5,5,5,20
23D10H008-23D12H017:20,44,35,44
23D10H055-23D14H019:60,10,60,24
23D14H024-23D15H030:62,33,62,47
23D14H059-23D16H059:30,5,45,5
23D15H021-23D19H002:36,12,36,24,48,24
23D16H019-23D18H041:20,44,35,44
23D16H021-23D18H026:10,8,24,8
23D16H025-23D17H026:45,45,58,45
23D16H051-23D17H014:30,5,45,5
23D18H009-23D20H051:36,12,36,24,48,24
23D18H025-23D20H002:3,25,3,42
23D20H051-23D23H041:15,10,15,25,25,25
23D21H030-23D23H054:15,10,15,25,25,25
23D23H026-24D00H016:60,10,60,24
23D23H030-24D01H003:9,30,20,30
23D23H052-24D02H058:15,10,15,25,25,25
24D02H043-24D06H002:60,10,60,24
24D04H051-24D04H057:9,30,20,30
24D05H033-24D07H047:5,5,5,20
24D05H038-24D07H049:30,5,45,5
24D07H005-24D10H051:5,5,5,20
24D09H052-24D11H001:5,5,5,20
24D10H009-24D11H038:40,30,55,30,55,40
24D10H057-24D11H027:50,15,65,15
24D11H000-24D12H021:5,5,5,20
24D11H003-24D11H016:62,33,62,47
24D11H005-24D13H051:40,30,55,30,55,40
24D11H029-24D12H031:3,25,3,42
24D16H016-24D16H023:33,20,33,35
24D16H018-24D17H022:20,44,35,44
24D17H006-24D20H038:60,10,60,24
24D19H009-24D22H026:3,25,3,42
24D20H001-24D22H020:45,45,58,45
24D22H025-24D23H022:45,45,58,45
24D22H043-25D00H053:62,33,62,47
25D01H047-25D03H017:62,33,62,47
25D03H016-25D04H004:62,33,62,47
25D03H036-25D07H031:30,5,45,5
25D05H002-25D06H049:40,30,55,30,55,40
25D05H042-25D08H019:9,30,20,30
25D07H054-25D09H014:60,10,60,24
25D09H046-25D10H031:9,30,20,30
25D10H007-25D12H036:30,5,45,5
25D11H007-25D14H052:3,25,3,42
25D11H056-25D15H011:45,45,58,45
25D19H041-25D22H044:33,20,33,35
25D19H056-25D20H016:40,30,55,30,55,40
25D19H056-25D23H014:60,10,60,24
25D20H058-25D21H031:62,33,62,47
25D22H017-26D02H011:36,12,36,24,48,24
25D22H057-26D01H028:36,12,36,24,48,24
25D23H029-25D23H058:15,10,15,25,25,25
26D01H059-26D02H019:60,10,60,24
26D08H036-26D10H017:15,10,15,25,25,25
26D09H047-26D12H039:28,40,40,40
26D11H009-26D13H015:62,33,62,47
26D11H017-26D11H033:15,10,15,25,25,25
26D12H015-26D14H027:3,25,3,42
26D12H029-26D13H028:62,33,62,47
26D14H050-26D17H011:28,40,40,40
26D15H019-26D16H022:36,12,36,24,48,24
26D15H050-26D16H036:50,15,65,15
26D18H016-26D19H016:33,20,33,35
26D19H057-26D22H032:45,45,58,45
26D20H008-26D22H059:33,20,33,35
26D21H058-26D22H041:28,40,40,40
26D23H010-27D02H033:10,8,24,8
27D04H035-27D07H042:28,40,40,40
27D04H051-27D06H059:3,25,3,42
27D10H011-27D12H021:30,5,45,5
27D10H020-27D14H016:5,5,5,20
27D10H038-27D11H051:20,44,35,44
27D10H055-27D11H059:20,44,35,44
27D12H000-27D14H027:15,10,15,25,25,25
27D12H046-27D12H051:10,8,24,8
27D13H003-27D14H029:3,25,3,42
27D13H018-27D14H014:36,12,36,24,48,24
27D14H013-27D15H004:40,30,55,30,55,40
27D14H057-27D17H006:3,25,3,42
27D15H045-27D16H013:3,25,3,42
27D17H049-27D19H009:5,5,5,20
27D18H034-27D21H033:20,44,35,44
27D18H053-27D21H055:62,33,62,47
27D20H006-27D21H027:36,12,36,24,48,24
27D21H004-27D22H050:10,8,24,8
27D23H033-27D23H048:33,20,33,35
28D00H030-28D01H027:40,30,55,30,55,40
28D01H044-28D04H056:36,12,36,24,48,24
28D03H033-28D03H055:3,25,3,42
28D04H013-28D06H005:5,5,5,20
28D04H023-28D06H043:5,5,5,20
28D04H058-28D08H008:45,45,58,45
28D10H032-28D13H042:20,44,35,44
28D11H008-28D14H004:15,10,15,25,25,25
28D11H021-28D12H017:28,40,40,40
28D11H055-28D15H018:30,5,45,5
28D12H059-28D15H023:15,10,15,25,25,25
28D13H012-28D15H027:60,10,60,24
28D13H055-28D17H038:30,5,45,5
28D15H052-28D19H051:15,10,15,25,25,25
28D17H024-28D20H020:20,44,35,44
28D19H027-28D23H020:60,10,60,24
28D20H029-28D22H058:40,30,55,30,55,40
28D20H044-28D21H033:36,12,36,24,48,24
28D20H046-28D21H017:10,8,24,8
28D21H002-28D22H008:15,10,15,25,25,25
28D21H036-29D00H036:62,33,62,47
28D21H044-29D00H006:60,10,60,24
28D22H035-29D00H022:60,10,60,24
28D23H028-29D01H006:30,5,45,5
29D03H039-29D04H024:30,5,45,5
29D04H012-29D07H002:10,8,24,8
29D04H021-29D07H040:62,33,62,47
29D06H018-29D07H000:30,5,45,5
29D06H057-29D10H029:33,20,33,35
29D07H052-29D10H025:40,30,55,30,55,40
29D08H022-29D11H018:5,5,5,20
29D08H041-29D10H022:45,45,58,45
29D11H040-29D13H051:30,5,45,5
29D12H032-29D15H008:9,30,20,30
29D13H037-29D15H021:10,8,24,8
29D13H042-29D14H006:15,10,15,25,25,25
29D14H045-29D16H017:36,12,36,24,48,24
29D20H000-29D23H035:9,30,20,30
29D21H051-29D23H046:28,40,40,40
29D23H013-29D23H027:15,10,15,25,25,25
29D23H030-29D23H054:36,12,36,24,48,24
30D00H004-30D00H035:10,8,24,8
30D01H010-30D01H049:9,30,20,30
30D01H013-30D03H041:36,12,36,24,48,24
30D02H011-30D03H030:30,5,45,5
30D03H014-30D04H006:60,10,60,24
30D07H013-30D11H008:9,30,20,30
30D07H037-30D08H025:5,5,5,20
30D09H015-30D09H045:15,10,15,25,25,25
30D10H005-30D11H031:60,10,60,24
30D10H008-30D14H004:15,10,15,25,25,25
30D10H031-30D13H008:15,10,15,25,25,25
30D11H058-30D15H005:36,12,36,24,48,24
30D13H009-30D14H036:20,44,35,44
30D13H040-30D17H022:5,5,5,20
30D14H031-30D17H058:36,12,36,24,48,24
30D16H021-30D17H030:20,44,35,44
30D17H045-30D21H015:40,30,55,30,55,40
30D19H024-30D19H041:10,8,24,8
30D20H036-30D23H059:60,10,60,24
30D20H054-30D22H018:10,8,24,8
30D21H028-30D23H059:10,8,24,8
30D22H003-30D23H059:3,25,3,42
