01D02H021-01D03H017:28,40,40,40
01D04H021-01D04H022:30,5,45,5
01D09H022-01D11H036:3,25,3,42
01D11H058-01D14H016:33,20,33,35
01D13H018-01D15H053:50,15,65,15
01D14H043-01D15H056:50,15,65,15
01D14H044-01D17H055:30,5,45,5
01D14H049-01D15H011:15,10,15,25,25,25
01D16H039-01D20H023:3,25,3,42
01D17H047-01D21H028:15,10,15,25,25,25
02D00H038-02D04H027:33,20,33,35
02D01H033-02D02H031:50,15,65,15
02D02H057-02D06H024:20,44,35,44
02D05H029-02D05H053:45,45,58,45
02D06H013-02D09H050:3,25,3,42
02D06H057-02D09H008:36,12,36,24,48,24
02D07H026-02D11H006:60,10,60,24
02D09H030-02D11H019:45,45,58,45
02D09H042-02D11H022:36,12,36,24,48,24
02D09H054-02D11H057:40,30,55,30,55,40
02D11H001-02D12H043:60,10,60,24
02D12H030-02D14H011:60,10,60,24
02D14H031-02D17H046:15,10,15,25,25,25
02D14H047-02D17H049:3,25,3,42
02D16H011-02D17H031:30,5,45,5
02D17H016-02D20H058:28,40,40,40
02D17H049-02D20H034:40,30,55,30,55,40
02D19H001-02D22H021:62,33,62,47
02D19H050-02D20H024:10,8,24,8
02D20H014-02D21H017:33,20,33,35
02D21H036-03D00H012:20,44,35,44
03D00H018-03D03H012:10,8,24,8
03D00H027-03D00H043:62,33,62,47
03D00H054-03D01H005:62,33,62,47
03D03H011-03D03H042:60,10,60,24
03D03H048-03D06H006:30,5,45,5
03D05H053-03D07H035:40,30,55,30,55,40
03D12H001-03D13H030:10,8,24,8
03D12H023-03D12H034:33,20,33,35
03D12H036-03D12H052:40,30,55,30,55,40
03D13H009-03D15H043:33,20,33,35
03D13H014-03D16H028:62,33,62,47
03D15H022-03D17H006:28,40,40,40
03D16H004-03D16H043:20,44,35,44
03D16H008-03D16H047:9,30,20,30
03D18H045-03D20H035:50,15,65,15
03D18H053-03D20H042:28,40,40,40
03D20H004-03D22H055:60,10,60,24
03D21H046-03D23H030:28,40,40,40
03D22H028-03D23H000:60,10,60,24
03D22H047-04D00H015:33,20,33,35
04D00H022-04D04H020:50,15,65,15
04D00H024-04D02H028:9,30,20,30
04D00H045-04D01H053:15,10,15,25,25,25
04D00H059-04D02H046:3,25,3,42
04D03H014-04D06H023:30,5,45,5
04D03H022-04D06H015:5,5,5,20
04D03H051-04D03H052:15,10,15,25,25,25
04D04H042-04D04H047:45,45,58,45
04D06H004-04D08H034:30,5,45,5
04D07H039-04D10H004:45,45,58,45
04D07H055-04D11H048:36,12,36,24,48,24
04D09H055-04D10H005:3,25,3,42
04D10H005-04D12H051:9,30,20,30
04D10H048-04D11H002:60,10,60,24
04D11H052-04D14H009:20,44,35,44
04D12H018-04D15H016:36,12,36,24,48,24
04D12H044-04D14H011:15,10,15,25,25,25
04D17H016-04D18H043:33,20,33,35
04D22H034-04D22H050:33,20,33,35
04D23H041-05D01H012:15,10,15,25,25,25
05D01H048-05D05H031:28,40,40,40
05D02H009-05D05H044:30,5,45,5
05D05H043-05D06H033:50,15,65,15
05D06H054-05D08H054:30,5,45,5
05D07H037-05D10H048:60,10,60,24
05D10H058-05D11H002:3,25,3,42
05D12H037-05D16H031:15,10,15,25,25,25
05D13H047-05D14H029:50,15,65,15
05D15H046-05D16H013:15,10,15,25,25,25
05D16H041-05D19H005:3,25,3,42
05D18H008-05D20H053:28,40,40,40
05D20H048-05D23H022:50,15,65,15
05D23H036-06D02H029:33,20,33,35
06D00H013-06D00H044:40,30,55,30,55,40
06D01H004-06D03H019:60,10,60,24
06D01H015-06D03H039:20,44,35,44
06D02H039-06D02H042:3,25,3,42
06D03H044-06D06H047:5,5,5,20
06D04H027-06D05H009:60,10,60,24
06D04H055-06D08H003:30,5,45,5
06D06H056-06D07H016:33,20,33,35
06D09H012-06D12H036:10,8,24,8
06D09H014-06D09H017:5,5,5,20
06D09H055-06D13H043:9,30,20,30
06D10H024-06D13H049:60,10,60,24
06D10H047-06D13H019:28,40,40,40
06D14H024-06D17H030:9,30,20,30
06D15H006-06D17H043:3,25,3,42
06D16H004-06D18H057:20,44,35,44
06D16H021-06D19H025:5,5,5,20
06D17H052-06D21H011:5,5,5,20
06D18H041-06D20H056:10,8,24,8
06D20H003-06D23H018:10,8,24,8
06D20H042-06D22H044:60,10,60,24
06D21H025-06D23H059:5,5,5,20
06D23H013-07D00H051:3,25,3,42
06D23H024-07D00H025:36,12,36,24,48,24
06D23H050-07D02H056:3,25,3,42
07D01H000-07D04H034:10,8,24,8
07D01H033-07D04H035:33,20,33,35
07D02H028-07D05H057:45,45,58,45
07D03H055-07D05H041:5,5,5,20
07D05H002-07D06H032:20,44,35,44
07D05H003-07D06H047:9,30,20,30
07D06H031-07D10H016:20,44,35,44
07D07H009-07D11H008:3,25,3,42
07D07H055-07D10H018:60,10,60,24
07D10H051-07D13H025:50,15,65,15
07D11H051-07D11H052:15,10,15,25,25,25
07D13H004-07D13H051:9,30,20,30
07D13H040-07D15H033:50,15,65,15
07D14H005-07D17H029:45,45,58,45
07D14H020-07D16H010:45,45,58,45
07D17H004-07D18H010:3,25,3,42
07D17H041-07D18H035:10,8,24,8
07D18H011-07D20H037:15,10,15,25,25,25
07D21H006-07D22H028:5,5,5,20
07D22H017-08D01H005:10,8,24,8
08D02H007-08D03H033:20,44,35,44
08D04H012-08D06H047:28,40,40,40
08D07H035-08D07H059:9,30,20,30
08D08H013-08D11H044:3,25,3,42
08D09H031-08D11H019:10,8,24,8
08D09H038-08D12H058:28,40,40,40
08D12H008-08D14H043:9,30,20,30
08D12H033-08D16H025:33,20,33,35
08D13H022-08D15H017:33,20,33,35
08D15H034-08D15H054:50,15,65,15
08D15H056-08D17H048:45,45,58,45
08D16H029-08D19H005:20,44,35,44
08D17H055-08D21H012:50,15,65,15
08D18H053-08D21H049:30,5,45,5
08D19H005-08D19H033:20,44,35,44
08D20H058-08D23H046:10,8,24,8
08D23H016-09D02H037:45,45,58,45
09D02H024-09D02H044:10,8,24,8
09D03H016-09D04H041:9,30,20,30
09D04H004-09D04H030:15,10,15,25,25,25
09D05H018-09D07H026:50,15,65,15
09D05H051-09D06H053:45,45,58,45
09D06H049-09D09H044:3,25,3,42
09D08H034-09D09H034:40,30,55,30,55,40
09D08H046-09D09H059:30,5,45,5
09D09H029-09D12H041:20,44,35,44
09D09H031-09D12H050:10,8,24,8
09D10H035-09D11H003:36,12,36,24,48,24
09D12H033-09D15H003:45,45,58,45
09D14H010-09D15H045:40,30,55,30,55,40
09D14H048-09D17H046:60,10,60,24
09D15H012-09D17H052:28,40,40,40
09D15H042-09D15H045:40,30,55,30,55,40
09D16H015-09D20H008:9,30,20,30
09D17H023-09D18H041:3,25,3,42
09D20H052-09D21H026:33,20,33,35
09D21H005-09D23H051:28,40,40,40
09D22H015-10D01H045:10,8,24,8
09D22H023-09D23H004:3,25,3,42
09D22H045-10D00H037:30,5,45,5
09D23H000-10D01H041:36,12,36,24,48,24
09D23H036-10D03H008:40,30,55,30,55,40
10D00H033-10D03H034:36,12,36,24,48,24
10D02H007-10D03H016:62,33,62,47
10D02H011-10D05H002:9,30,20,30
10D02H039-10D04H049:40,30,55,30,55,40
10D04H001-10D04H011:62,33,62,47
10D04H041-10D06H053:62,33,62,47
10D05H047-10D08H002:28,40,40,40
10D06H033-10D10H020:45,45,58,45
10D06H036-10D09H036:5,5,5,20
10D07H053-10D11H011:3,25,3,42
10D10H013-10D11H011:50,15,65,15
10D12H038-10D14H041:33,20,33,35
10D14H000-10D17H007:3,25,3,42
10D14H014-10D15H037:60,10,60,24
10D14H046-10D17H010:10,8,24,8
10D16H013-10D18H018:15,10,15,25,25,25
10D17H021-10D21H011:15,10,15,25,25,25
10D19H002-10D22H028:60,10,60,24
10D19H025-10D19H035:20,44,35,44
10D20H018-10D22H000:5,5,5,20
10D20H021-10D23H021:33,20,33,35
10D22H029-11D00H034:28,40,40,40
10D22H036-11D01H025:15,10,15,25,25,25
10D22H046-11D01H046:3,25,3,42
11D00H007-11D01H035:20,44,35,44
11D00H042-11D02H010:62,33,62,47
11D01H029-11D03H043:33,20,33,35
11D03H030-11D04H027:10,8,24,8
11D03H038-11D04H054:45,45,58,45
11D06H022-11D07H001:30,5,45,5
11D06H039-11D10H006:10,8,24,8
11D07H027-11D09H010:33,20,33,35
11D07H041-11D10H051:40,30,55,30,55,40
11D09H026-11D11H011:9,30,20,30
11D10H049-11D13H032:45,45,58,45
11D11H013-11D12H022:15,10,15,25,25,25
11D11H032-11D14H033:9,30,20,30
11D11H043-11D12H030:60,10,60,24
11D11H044-11D13H025:15,10,15,25,25,25
11D12H014-11D13H055:5,5,5,20
11D12H056-11D13H020:45,45,58,45
11D13H014-11D16H012:40,30,55,30,55,40
11D17H013-11D21H002:50,15,65,15
11D18H000-11D20H029:40,30,55,30,55,40
11D18H058-11D22H035:36,12,36,24,48,24
11D23H012-12D02H057:20,44,35,44
12D00H044-12D04H029:62,33,62,47
12D01H035-12D04H046:10,8,24,8
12D01H050-12D03H026:36,12,36,24,48,24
12D02H004-12D04H054:60,10,60,24
12D04H021-12D08H004:28,40,40,40
12D05H006-12D06H014:9,30,20,30
12D06H056-12D09H017:10,8,24,8
12D08H014-12D10H001:5,5,5,20
12D08H044-12D09H013:36,12,36,24,48,24
12D11H004-12D11H031:28,40,40,40
12D14H009-12D17H049:30,5,45,5
12D14H048-12D17H054:9,30,20,30
12D16H026-12D16H057:3,25,3,42
12D18H047-12D19H019:40,30,55,30,55,40
12D19H020-12D19H047:28,40,40,40
12D20H025-12D21H048:10,8,24,8
12D22H002-12D23H028:50,15,65,15
12D22H008-12D22H043:40,30,55,30,55,40
13D01H003-13D02H027:9,30,20,30
13D02H004-13D03H031:45,45,58,45
13D02H049-13D06H041:50,15,65,15
13D03H042-13D04H058:33,20,33,35
13D04H006-13D07H049:62,33,62,47
13D04H023-13D05H018:50,15,65,15
13D04H045-13D08H043:62,33,62,47
13D05H052-13D07H048:60,10,60,24
13D08H002-13D12H000:3,25,3,42
13D11H033-13D11H054:36,12,36,24,48,24
13D13H022-13D15H030:33,20,33,35
13D13H043-13D14H056:62,33,62,47
13D15H054-13D16H058:5,5,5,20
13D17H001-13D19H030:50,15,65,15
13D18H045-13D19H050:3,25,3,42
13D19H055-13D21H039:10,8,24,8
13D21H046-13D23H058:45,45,58,45
14D01H045-14D04H035:50,15,65,15
14D04H045-14D08H023:40,30,55,30,55,40
14D06H009-14D09H031:30,5,45,5
14D07H053-14D08H024:40,30,55,30,55,40
14D08H020-14D09H025:9,30,20,30
14D10H021-14D13H002:10,8,24,8
14D13H011-14D13H044:10,8,24,8
14D14H033-14D14H052:40,30,55,30,55,40
14D18H056-14D20H042:60,10,60,24
14D19H045-14D23H019:36,12,36,24,48,24
14D21H011-15D01H001:9,30,20,30
14D22H018-15D01H005:62,33,62,47
14D22H034-14D22H050:3,25,3,42
14D23H025-15D00H020:60,10,60,24
14D23H029-14D23H053:3,25,3,42
14D23H035-15D02H051:36,12,36,24,48,24
14D23H058-15D00H045:15,10,15,25,25,25
15D01H000-15D03H017:50,15,65,15
15D01H052-15D02H010:50,15,65,15
15D06H034-15D07H042:33,20,33,35
15D07H037-15D09H055:9,30,20,30
15D09H045-15D13H031:15,10,15,25,25,25
15D09H046-15D13H000:15,10,15,25,25,25
15D10H004-15D11H008:5,5,5,20
15D10H041-15D14H012:36,12,36,24,48,24
15D11H033-15D15H017:28,40,40,40
15D11H038-15D13H037:5,5,5,20
15D11H038-15D14H058:5,5,5,20
15D11H042-15D14H005:33,20,33,35
15D12H015-15D16H013:28,40,40,40
15D14H033-15D15H026:28,40,40,40
15D15H000-15D18H002:3,25,3,42
15D15H005-15D18H036:50,15,65,15
15D15H018-15D16H025:33,20,33,35
15D15H039-15D16H000:20,44,35,44
15D18H035-15D22H022:45,45,58,45
15D19H054-15D20H006:62,33,62,47
15D22H031-15D23H050:62,33,62,47
15D23H005-16D01H003:3,25,3,42
15D23H044-16D03H002:5,5,5,20
16D00H024-16D02H055:3,25,3,42
16D02H011-16D05H002:36,12,36,24,48,24
16D02H013-16D05H008:33,20,33,35
16D06H049-16D08H059:60,10,60,24
16D06H054-16D09H002:60,10,60,24
16D06H056-16D09H011:33,20,33,35
16D07H056-16D07H058:45,45,58,45
16D09H001-16D11H051:50,15,65,15
16D12H006-16D12H008:33,20,33,35
16D12H039-16D12H042:62,33,62,47
16D12H046-16D16H036:15,10,15,25,25,25
16D13H012-16D14H025:28,40,40,40
16D13H040-16D16H037:60,10,60,24
16D15H009-16D17H047:5,5,5,20
16D17H017-16D19H031:5,5,5,20
16D18H059-16D22H049:3,25,3,42
16D19H010-16D19H057:30,5,45,5
16D19H023-16D21H038:33,20,33,35
16D22H007-17D01H040:45,45,58,45
16D22H036-17D02H036:50,15,65,15
16D22H056-17D02H003:30,5,45,5
16D23H048-17D01H030:15,10,15,25,25,25
16D23H053-17D02H007:15,10,15,25,25,25
17D01H022-17D03H031:40,30,55,30,55,40
17D01H059-17D02H013:3,25,3,42
17D03H050-17D07H001:28,40,40,40
17D04H009-17D06H002:36,12,36,24,48,24
17D04H030-17D04H054:30,5,45,5
17D04H054-17D07H007:62,33,62,47
17D07H034-17D11H017:10,8,24,8
17D09H044-17D13H032:45,45,58,45
17D11H017-17D13H053:50,15,65,15
17D13H035-17D16H027:9,30,20,30
17D15H009-17D17H013:9,30,20,30
17D16H014-17D19H053:30,5,45,5
17D16H020-17D19H004:33,20,33,35
17D16H022-17D19H055:45,45,58,45
17D17H051-17D19H056:62,33,62,47
17D18H023-17D21H028:3,25,3,42
17D21H038-17D22H032:3,25,3,42
17D21H049-17D22H051:9,30,20,30
17D23H032-17D23H052:9,30,20,30
17D23H051-18D02H026:62,33,62,47
18D00H001-18D00H053:60,10,60,24
18D00H012-18D02H002:45,45,58,45
18D04H015-18D07H009:30,5,45,5
18D06H026-18D06H028:10,8,24,8
18D08H047-18D10H057:50,15,65,15
18D09H012-18D09H050:28,40,40,40
18D09H013-18D10H046:50,15,65,15
18D10H022-18D14H006:62,33,62,47
18D10H028-18D13H024:10,8,24,8
18D10H043-18D14H033:60,10,60,24
18D12H034-18D14H054:5,5,5,20
18D14H043-18D17H022:45,45,58,45
18D18H018-18D20H025:5,5,5,20
18D21H002-19D00H040:28,40,40,40
18D23H012-18D23H045:45,45,58,45
19D00H050-19D04H013:3,25,3,42
19D01H015-19D01H045:9,30,20,30
19D03H055-19D03H057:3,25,3,42
19D04H058-19D05H002:40,30,55,30,55,40
19D05H031-19D09H017:36,12,36,24,48,24
19D05H045-19D06H046:15,10,15,25,25,25
19D06H018-19D08H006:33,20,33,35
19D07H023-19D09H039:28,40,40,40
19D08H005-19D09H015:3,25,3,42
19D08H034-19D09H046:33,20,33,35
19D08H049-19D09H056:60,10,60,24
19D09H009-19D11H048:62,33,62,47
19D10H001-19D10H016:45,45,58,45
19D11H008-19D13H025:9,30,20,30
19D13H012-19D16H016:33,20,33,35
19D14H055-19D16H022:3,25,3,42
19D15H043-19D16H018:50,15,65,15
19D16H021-19D18H010:33,20,33,35
19D17H033-19D21H004:20,44,35,44
19D17H057-19D21H029:40,30,55,30,55,40
19D18H039-19D21H050:20,44,35,44
19D19H049-19D23H019:3,25,3,42
19D22H027-20D01H011:36,12,36,24,48,24
19D22H037-19D23H005:30,5,45,5
19D23H012-20D01H022:36,12,36,24,48,24
20D04H024-20D08H015:62,33,62,47
20D05H006-20D08H043:3,25,3,42
20D06H026-20D07H007:33,20,33,35
20D07H016-20D07H039:5,5,5,20
20D07H018-20D09H020:50,15,65,15
20D08H017-20D11H011:20,44,35,44
20D08H023-20D08H027:36,12,36,24,48,24
20D08H050-20D09H032:15,10,15,25,25,25
20D08H057-20D12H019:9,30,20,30
20D09H039-20D10H059:30,5,45,5
20D09H041-20D11H038:10,8,24,8
20D13H002-20D14H037:20,44,35,44
20D21H037-20D22H054:62,33,62,47
20D21H043-21D00H058:9,30,20,30
20D23H020-20D23H053:62,33,62,47
21D01H013-21D03H056:10,8,24,8
21D01H015-21D01H031:5,5,5,20
21D01H052-21D03H009:50,15,65,15
21D03H013-21D05H019:40,30,55,30,55,40
21D03H040-21D07H038:60,10,60,24
21D06H026-21D08H013:30,5,45,5
21D06H045-21D08H002:20,44,35,44
21D08H038-21D09H043:40,30,55,30,55,40
21D09H000-21D10H041:30,5,45,5
21D12H008-21D13H025:50,15,65,15
21D12H040-21D14H007:9,30,20,30
21D13H006-21D13H012:20,44,35,44
21D16H011-21D16H046:3,25,3,42
21D16H052-21D19H033:45,45,58,45
21D17H048-21D18H016:10,8,24,8
21D21H001-22D00H025:9,30,20,30
21D22H000-21D22H048:9,30,20,30
21D23H010-22D01H000:50,15,65,15
21D23H010-22D01H028:50,15,65,15
21D23H040-22D02H015:3,25,3,42
22D00H059-22D03H030:36,12,36,24,48,24
22D01H023-22D01H039:5,5,5,20
22D02H006-22D05H013:9,30,20,30
22D04H016-22D04H035:50,15,65,15
22D07H032-22D11H018:40,30,55,30,55,40
22D08H004-22D08H034:3,25,3,42
22D09H027-22D13H005:15,10,15,25,25,25
22D12H020-22D12H027:62,33,62,47
22D12H041-22D15H007:50,15,65,15
22D12H051-22D15H005:36,12,36,24,48,24
22D14H022-22D17H041:9,30,20,30
22D17H004-22D18H053:60,10,60,24
22D17H047-22D19H057:3,25,3,42
22D18H052-22D20H050:15,10,15,25,25,25
22D19H048-22D22H008:5,5,5,20
22D21H021-22D22H033:40,30,55,30,55,40
22D21H029-23D00H036:36,12,36,24,48,24
22D22H015-23D00H028:5,5,5,20
22D23H057-23D01H035:20,44,35,44
23D02H058-23D05H008:15,10,15,25,25,25
23D04H015-23D04H045:9,30,20,30
23D04H018-23D05H059:60,10,60,24
23D05H013-23D07H031:60,10,60,24
23D06H029-23D09H051:60,10,60,24
23D07H000-23D09H053:10,8,24,8
23D07H029-23D10H054:15,10,15,25,25,25
23D07H029-23D11H008:60,10,60,24
23D09H017-23D12H033:60,10,60,24
23D10H051-23D13H034:30,5,45,5
23D11H017-23D12H059:60,10,60,24
23D15H029-23D18H007:9,30,20,30
23D16H000-23D16H031:10,8,24,8
23D16H009-23D19H018:60,10,60,24
23D20H001-23D21H052:60,10,60,24
23D20H021-23D20H048:45,45,58,45
23D20H042-23D23H006:50,15,65,15
24D00H020-24D03H026:10,8,24,8
24D00H026-24D00H057:15,10,15,25,25,25
24D02H031-24D05H016:62,33,62,47
24D02H056-24D05H052:3,25,3,42
24D03H045-24D04H059:50,15,65,15
24D06H052-24D08H004:5,5,5,20
24D06H054-24D07H003:15,10,15,25,25,25
24D06H056-24D08H059:10,8,24,8
24D07H033-24D11H020:15,10,15,25,25,25
24D07H046-24D08H033:10,8,24,8
24D07H050-24D10H007:62,33,62,47
24D09H000-24D12H029:36,12,36,24,48,24
24D10H021-24D11H010:50,15,65,15
24D12H038-24D14H020:3,25,3,42
24D17H055-24D20H051:28,40,40,40
24D18H036-24D20H049:33,20,33,35
24D18H049-24D20H023:10,8,24,8
24D20H020-24D21H056:30,5,45,5
24D20H037-25D00H003:10,8,24,8
24D21H003-24D23H034:9,30,20,30
24D21H031-24D22H012:5,5,5,20
25D01H002-25D03H059:33,20,33,35
25D01H009-25D04H054:40,30,55,30,55,40
25D02H028-25D05H029:60,10,60,24
25D02H050-25D05H004:28,40,40,40
25D03H024-25D06H036:20,44,35,44
25D04H014-25D05H034:28,40,40,40
25D04H029-25D05H051:33,20,33,35
25D05H017-25D06H025:28,40,40,40
25D05H036-25D09H020:20,44,35,44
25D07H009-25D10H018:33,20,33,35
25D07H033-25D09H027:33,20,33,35
25D08H002-25D08H024:9,30,20,30
25D10H003-25D10H056:60,10,60,24
25D10H035-25D11H016:30,5,45,5
25D11H006-25D14H057:60,10,60,24
25D11H008-25D12H028:15,10,15,25,25,25
25D12H053-25D14H019:50,15,65,15
25D13H014-25D16H043:15,10,15,25,25,25
25D13H020-25D16H027:33,20,33,35
25D13H031-25D14H000:60,10,60,24
25D15H041-25D17H019:45,45,58,45
25D18H053-25D22H049:33,20,33,35
25D22H023-26D00H059:5,5,5,20
25D23H008-26D02H046:28,40,40,40
25D23H032-26D02H038:10,8,24,8
26D00H026-26D00H032:62,33,62,47
26D00H057-26D04H013:62,33,62,47
26D01H057-26D04H044:5,5,5,20
26D02H022-26D03H047:33,20,33,35
26D03H024-26D03H037:15,10,15,25,25,25
26D03H024-26D04H036:40,30,55,30,55,40
26D03H042-26D03H044:30,5,45,5
26D04H043-26D05H059:3,25,3,42
26D06H008-26D06H050:62,33,62,47
26D06H023-26D07H036:45,45,58,45
26D08H018-26D10H008:62,33,62,47
26D08H039-26D10H049:33,20,33,35
26D09H057-26D11H053:3,25,3,42
26D12H026-26D15H044:50,15,65,15
26D13H059-26D17H004:50,15,65,15
26D14H014-26D16H030:5,5,5,20
26D15H012-26D16H024:50,15,65,15
26D15H033-26D15H056:36,12,36,24,48,24
26D16H043-26D17H049:20,44,35,44
26D18H044-26D20H006:50,15,65,15
26D19H028-26D19H052:62,33,62,47
26D21H024-26D22H020:3,25,3,42
26D21H052-27D00H021:28,40,40,40
27D00H049-27D02H012:20,44,35,44
27D00H057-27D01H007:36,12,36,24,48,24
27D01H010-27D03H045:20,44,35,44
27D01H021-27D04H058:40,30,55,30,55,40
27D07H039-27D08H031:45,45,58,45
27D08H001-27D11H057:36,12,36,24,48,24
27D08H034-27D11H050:20,44,35,44
27D09H002-27D12H016:40,30,55,30,55,40
27D12H000-27D14H058:45,45,58,45
27D12H059-27D15H031:60,10,60,24
27D13H029-27D15H024:33,20,33,35
27D15H030-27D18H013:50,15,65,15
27D15H032-27D19H004:30,5,45,5
27D16H046-27D17H050:15,10,15,25,25,25
27D19H029-27D20H056:36,12,36,24,48,24
27D21H025-28D01H014:3,25,3,42
28D02H030-28D06H020:28,40,40,40
28D02H034-28D05H056:36,12,36,24,48,24
28D02H048-28D04H049:28,40,40,40
28D05H033-28D06H042:50,15,65,15
28D05H043-28D07H006:30,5,45,5
28D06H001-28D08H005:3,25,3,42
28D06H033-28D08H043:9,30,20,30
28D07H041-28D09H021:5,5,5,20
28D08H050-28D10H046:60,10,60,24
28D09H014-28D10H010:15,10,15,25,25,25
28D09H025-28D13H011:60,10,60,24
28D11H054-28D14H051:40,30,55,30,55,40
28D12H006-28D15H057:15,10,15,25,25,25
28D13H039-28D16H047:20,44,35,44
28D15H057-28D17H053:36,12,36,24,48,24
28D16H002-28D16H045:20,44,35,44
28D17H020-28D18H011:10,8,24,8
28D17H023-28D19H008:40,30,55,30,55,40
28D20H016-28D23H005:62,33,62,47
29D01H016-29D01H054:60,10,60,24
29D01H045-29D04H012:20,44,35,44
29D05H010-29D08H051:60,10,60,24
29D05H056-29D08H017:60,10,60,24
29D06H015-29D07H016:9,30,20,30
29D07H034-29D11H015:5,5,5,20
29D07H058-29D09H050:36,12,36,24,48,24
29D09H000-29D10H017:15,10,15,25,25,25
29D09H022-29D10H034:40,30,55,30,55,40
29D09H040-29D09H043:62,33,62,47
29D09H041-29D10H010:50,15,65,15
29D09H047-29D11H028:40,30,55,30,55,40
29D10H001-29D10H013:15,10,15,25,25,25
29D10H030-29D11H004:36,12,36,24,48,24
29D13H054-29D16H004:36,12,36,24,48,24
29D15H039-29D16H005:62,33,62,47
29D16H041-29D18H036:36,12,36,24,48,24
29D17H032-29D20H015:45,45,58,45
29D17H035-29D20H043:30,5,45,5
29D17H054-29D20H029:5,5,5,20
29D18H034-29D21H059:5,5,5,20
29D18H042-29D19H030:30,5,45,5
29D18H051-29D20H048:40,30,55,30,55,40
29D21H003-29D23H015:3,25,3,42
29D22H049-29D23H017:50,15,65,15
30D02H029-30D05H046:5,5,5,20
30D03H024-30D03H046:20,44,35,44
30D05H031-30D07H054:45,45,58,45
30D07H016-30D07H021:45,45,58,45
30D08H056-30D09H024:28,40,40,40
30D09H003-30D12H040:28,40,40,40
30D12H042-30D12H050:20,44,35,44
30D13H006-30D15H027:28,40,40,40
30D13H034-30D16H054:45,45,58,45
30D13H040-30D15H013:20,44,35,44
30D15H037-30D17H018:20,44,35,44
30D17H029-30D17H049:45,45,58,45
30D19H010-30D21H015:62,33,62,47
30D19H014-30D20H031:40,30,55,30,55,40
30D21H036-30D23H026:62,33,62,47
30D22H006-30D23H011:36,12,36,24,48,24
30D23H008-31D02H039:10,8,24,8
31D01H016-31D04H015:15,10,15,25,25,25
31D01H030-31D01H039:36,12,36,24,48,24
31D02H030-31D04H040:28,40,40,40
31D05H023-31D05H058:3,25,3,42
31D05H058-31D08H040:28,40,40,40
31D06H028-31D07H015:45,45,58,45
31D07H007-31D09H049:50,15,65,15
31D07H034-31D08H034:9,30,20,30
31D08H029-31D10H028:30,5,45,5
31D08H034-31D10H004:9,30,20,30
31D09H015-31D09H056:20,44,35,44
31D12H049-31D15H009:62,33,62,47
31D13H041-31D16H037:50,15,65,15
31D14H006-31D15H020:60,10,60,24
31D15H018-31D18H020:40,30,55,30,55,40
31D15H047-31D17H045:15,10,15,25,25,25
31D17H020-31D21H006:62,33,62,47
31D18H020-31D19H016:5,5,5,20
31D20H029-31D22H053:62,33,62,47
31D21H007-31D22H035:45,45,58,45
31D21H057-31D21H058:15,10,15,25,25,25
31D23H016-31D23H048:28,40,40,40
